time slot,timestamp,date time,max gain,network selected,delay,#bytes,#bytes w/o delay,bit rate (Mbps),selection duration,connect and download duration,#bytes downloaded during selection by previous network,log
1,1495440352.74175,22/05/2017 16:05:52,120000000,Cellular,1.9355473518,5417204,6219616.33847694,3.3171287139,0.0005538464,15.0003499985,0,['']
2,1495440367.74266,22/05/2017 16:06:07,120000000,WiFi,4.0927550793,5908969,8126369.45659653,4.3340637102,0.0102622509,14.9997825623,0,['<wifi_mac_address>']
3,1495440382.7527,22/05/2017 16:06:22,120000000,WiFi,0,8621392,8618542.7855829,4.5965561523,0,15.004958868,0,"['averageBytePerNet:[8126369.456596528, 6219616.338476938], numNetworkHighestAverageByte: 1']"
4,1495440397.75766,22/05/2017 16:06:37,120000000,WiFi,0,9071720,9069949.39048745,4.8373063416,0,15.002928257,0,"['averageBytePerNet:[8372456.1210897155, 6219616.338476938], numNetworkHighestAverageByte: 1']"
5,1495440412.76059,22/05/2017 16:06:52,120000000,WiFi,0,8066808,8065737.51793234,4.3017266762,0,15.0019907951,0,"['averageBytePerNet:[8604953.877555626, 6219616.338476938], numNetworkHighestAverageByte: 1']"
6,1495440427.76258,22/05/2017 16:07:07,120000000,WiFi,0,9008008,9005785.98945245,4.803085861,0,15.0037009716,0,"['averageBytePerNet:[8470149.787649805, 6219616.338476938], numNetworkHighestAverageByte: 1']"
7,1495440442.76628,22/05/2017 16:07:22,120000000,WiFi,0,9074616,9073590.44563454,4.8392482377,0,15.0016953945,0,"['averageBytePerNet:[8577277.028010335, 6219616.338476938], numNetworkHighestAverageByte: 1']"
8,1495440457.76798,22/05/2017 16:07:37,120000000,WiFi,0,9074616,9073289.64494221,4.8390878106,0,15.0021927357,0,"['averageBytePerNet:[8659995.930947702, 6219616.338476938], numNetworkHighestAverageByte: 1']"
9,1495440472.77017,22/05/2017 16:07:52,120000000,WiFi,0,7953864,7952620.94792427,4.2413978389,0,15.0023446083,0,"['averageBytePerNet:[8719037.890089775, 6219616.338476938], numNetworkHighestAverageByte: 1']"
10,1495440487.77251,22/05/2017 16:08:07,120000000,WiFi,0,8382472,8379685.63348242,4.4691656712,0,15.0049877167,0,"['averageBytePerNet:[8623235.772319086, 6219616.338476938], numNetworkHighestAverageByte: 1']"
11,1495440502.7775,22/05/2017 16:08:22,120000000,WiFi,0,9077512,9076122.47726153,4.8405986545,0,15.0022964478,0,"['averageBytePerNet:[8596174.645781677, 6219616.338476938], numNetworkHighestAverageByte: 1']"
12,1495440517.7798,22/05/2017 16:08:37,120000000,WiFi,0,9077512,9076445.72837101,4.8407710551,0,15.0017621517,0,"['averageBytePerNet:[8644169.428929662, 6219616.338476938], numNetworkHighestAverageByte: 1']"
13,1495440532.78156,22/05/2017 16:08:52,120000000,WiFi,0,9074616,9073563.19105888,4.8392337019,0,15.0017404556,0,"['averageBytePerNet:[8683467.274333421, 6219616.338476938], numNetworkHighestAverageByte: 1']"
14,1495440547.7833,22/05/2017 16:09:07,120000000,WiFi,0,9074616,9073766.81121152,4.8393422993,0,15.0014038086,0,"['averageBytePerNet:[8715975.267393876, 6219616.338476938], numNetworkHighestAverageByte: 1']"
15,1495440562.7847,22/05/2017 16:09:22,120000000,WiFi,0,8047984,8046541.32939727,4.291488709,0,15.0026893616,0,"['averageBytePerNet:[8743497.693841387, 6219616.338476938], numNetworkHighestAverageByte: 1']"
16,1495440577.78739,22/05/2017 16:09:37,120000000,WiFi,0,9077512,9076474.86681783,4.8407865956,0,15.0017139912,0,"['averageBytePerNet:[8693715.096381092, 6219616.338476938], numNetworkHighestAverageByte: 1']"
17,1495440592.78911,22/05/2017 16:09:52,120000000,WiFi,0,9068824,9067529.32964121,4.8360156425,0,15.0021417141,0,"['averageBytePerNet:[8719232.41441021, 6219616.338476938], numNetworkHighestAverageByte: 1']"
18,1495440607.79125,22/05/2017 16:10:07,120000000,WiFi,0,9074616,9073652.16559628,4.839281155,0,15.0015933514,0,"['averageBytePerNet:[8741000.971612146, 6219616.338476938], numNetworkHighestAverageByte: 1']"
19,1495440622.79284,22/05/2017 16:10:22,120000000,WiFi,0,9074616,9073768.68594376,4.8393432992,0,15.0014007092,0,"['averageBytePerNet:[8760568.68890533, 6219616.338476938], numNetworkHighestAverageByte: 1']"
20,1495440637.79424,22/05/2017 16:10:37,120000000,WiFi,0,9076064,9074942.37168563,4.8399692649,0,15.0018539429,0,"['averageBytePerNet:[8777968.688740797, 6219616.338476938], numNetworkHighestAverageByte: 1']"
21,1495440652.7961,22/05/2017 16:10:52,120000000,WiFi,0,9073168,9072223.20746779,4.838519044,0,15.0015621185,0,"['averageBytePerNet:[8793598.882579999, 6219616.338476938], numNetworkHighestAverageByte: 1']"
22,1495440667.79766,22/05/2017 16:11:07,120000000,WiFi,0,7992960,7991659.65521669,4.2622184828,0,15.002440691,0,"['averageBytePerNet:[8807530.09882439, 6219616.338476938], numNetworkHighestAverageByte: 1']"
23,1495440682.8001,22/05/2017 16:11:22,120000000,WiFi,0,9070272,9068690.75175561,4.8366350676,0,15.0026154518,0,"['averageBytePerNet:[8768679.125319261, 6219616.338476938], numNetworkHighestAverageByte: 1']"
24,1495440697.80271,22/05/2017 16:11:37,120000000,WiFi,0,9080408,9079537.7783406,4.8424201484,0,15.001437664,0,"['averageBytePerNet:[8782316.017430004, 6219616.338476938], numNetworkHighestAverageByte: 1']"
25,1495440712.80415,22/05/2017 16:11:52,120000000,WiFi,0,9076064,9073833.70919801,4.8393779782,0,15.0036869049,0,"['averageBytePerNet:[8795238.702686986, 6219616.338476938], numNetworkHighestAverageByte: 1']"
26,1495440727.80784,22/05/2017 16:12:07,120000000,WiFi,0,9063032,9061973.91010247,4.8330527521,0,15.0017514229,0,"['averageBytePerNet:[8806846.827958278, 6219616.338476938], numNetworkHighestAverageByte: 1']"
27,1495440742.80959,22/05/2017 16:12:22,120000000,WiFi,0,9070272,9069178.04031646,4.8368949548,0,15.0018093586,0,"['averageBytePerNet:[8817051.911244046, 6219616.338476938], numNetworkHighestAverageByte: 1']"
28,1495440757.8114,22/05/2017 16:12:37,120000000,WiFi,0,9067376,9065995.37679124,4.8351975343,0,15.0022842884,0,"['averageBytePerNet:[8826749.070054524, 6219616.338476938], numNetworkHighestAverageByte: 1']"
29,1495440772.81368,22/05/2017 16:12:52,120000000,WiFi,0,9058688,9057755.94370048,4.83080317,0,15.0015435219,0,"['averageBytePerNet:[8835610.044378106, 6219616.338476938], numNetworkHighestAverageByte: 1']"
30,1495440787.81523,22/05/2017 16:13:07,120000000,WiFi,0,7515120,7513473.38956364,4.0071858078,0,15.0032873154,0,"['averageBytePerNet:[8843543.826496761, 6219616.338476938], numNetworkHighestAverageByte: 1']"
31,1495440802.81851,22/05/2017 16:13:22,120000000,WiFi,0,8952984,8951520.64414366,4.7741443435,0,15.0024521351,0,"['averageBytePerNet:[8797679.328671481, 6219616.338476938], numNetworkHighestAverageByte: 1']"
32,1495440817.82097,22/05/2017 16:13:37,120000000,WiFi,0,8785016,8783787.39204264,4.6846866091,0,15.0020980835,0,"['averageBytePerNet:[8802807.372520555, 6219616.338476938], numNetworkHighestAverageByte: 1']"
33,1495440832.82306,22/05/2017 16:13:52,120000000,WiFi,0,9067376,9066233.11201332,4.8353243264,0,15.0018908978,0,"['averageBytePerNet:[8802193.824763201, 6219616.338476938], numNetworkHighestAverageByte: 1']"
34,1495440847.82496,22/05/2017 16:14:07,120000000,WiFi,0,9070272,9069428.98336451,4.8370287911,0,15.0013942719,0,"['averageBytePerNet:[8810445.052489769, 6219616.338476938], numNetworkHighestAverageByte: 1']"
35,1495440862.82635,22/05/2017 16:14:22,120000000,WiFi,0,9071720,9070700.39510736,4.8377068774,0,15.0016860962,0,"['averageBytePerNet:[8818293.050395064, 6219616.338476938], numNetworkHighestAverageByte: 1']"
36,1495440877.82804,22/05/2017 16:14:37,120000000,WiFi,0,9068824,9067524.28600675,4.8360129525,0,15.0021500587,0,"['averageBytePerNet:[8825716.79582778, 6219616.338476938], numNetworkHighestAverageByte: 1']"
37,1495440892.83019,22/05/2017 16:14:52,120000000,WiFi,0,9070272,9069433.30760537,4.8370310974,0,15.0013871193,0,"['averageBytePerNet:[8832625.581261465, 6219616.338476938], numNetworkHighestAverageByte: 1']"
38,1495440907.83157,22/05/2017 16:15:07,120000000,WiFi,0,7990064,7989129.39929106,4.260869013,0,15.0017547607,0,"['averageBytePerNet:[8839203.573659906, 6219616.338476938], numNetworkHighestAverageByte: 1']"
39,1495440922.83333,22/05/2017 16:15:22,120000000,WiFi,0,9070272,9068974.38451307,4.8367863384,0,15.002146244,0,"['averageBytePerNet:[8816228.595974261, 6219616.338476938], numNetworkHighestAverageByte: 1']"
40,1495440937.83547,22/05/2017 16:15:37,120000000,WiFi,0,9073168,9071473.94464341,4.8381194371,0,15.0028011799,0,"['averageBytePerNet:[8822879.80093581, 6219616.338476938], numNetworkHighestAverageByte: 1']"
41,1495440952.83828,22/05/2017 16:15:52,120000000,WiFi,0,9074616,9073476.52548046,4.8391874803,0,15.0018837452,0,"['averageBytePerNet:[8829254.009748826, 6219616.338476938], numNetworkHighestAverageByte: 1']"
42,1495440967.84016,22/05/2017 16:16:07,120000000,WiFi,0,9076064,9074671.95880835,4.8398250447,0,15.0023009777,0,"['averageBytePerNet:[8835359.572642116, 6219616.338476938], numNetworkHighestAverageByte: 1']"
43,1495440982.84246,22/05/2017 16:16:22,120000000,WiFi,0,9074616,9073155.97816844,4.8390165217,0,15.0024137497,0,"['averageBytePerNet:[8841196.460109586, 6219616.338476938], numNetworkHighestAverageByte: 1']"
44,1495440997.84487,22/05/2017 16:16:37,120000000,WiFi,0,9076064,9075222.32007348,4.8401185707,0,15.0013911724,0,"['averageBytePerNet:[8846719.305777654, 6219616.338476938], numNetworkHighestAverageByte: 1']"
45,1495441012.84627,22/05/2017 16:16:52,120000000,WiFi,0,9074616,9073417.98028624,4.8391562562,0,15.0019805431,0,"['averageBytePerNet:[8852033.329365928, 6219616.338476938], numNetworkHighestAverageByte: 1']"
46,1495441027.84825,22/05/2017 16:17:07,120000000,WiFi,0,7998752,7998058.0207568,4.2656309444,0,15.001301527,0,"['averageBytePerNet:[8857064.798705027, 6219616.338476938], numNetworkHighestAverageByte: 1']"
47,1495441042.84955,22/05/2017 16:17:22,120000000,WiFi,0,9042760,9041601.1033742,4.8221872551,0,15.0019226074,0,"['averageBytePerNet:[8837975.759195065, 6219616.338476938], numNetworkHighestAverageByte: 1']"
48,1495441057.85147,22/05/2017 16:17:37,120000000,WiFi,0,9076064,9074792.09224654,4.8398891159,0,15.002102375,0,"['averageBytePerNet:[8842402.397112003, 6219616.338476938], numNetworkHighestAverageByte: 1']"
49,1495441072.85357,22/05/2017 16:17:52,120000000,WiFi,0,9074555,9073850.46102679,4.8393869125,0,15.0011646748,0,"['averageBytePerNet:[8847346.85871061, 6219616.338476938], numNetworkHighestAverageByte: 1']"
50,1495441087.85474,22/05/2017 16:18:07,120000000,WiFi,0,9057301,9056337.56534632,4.8300467015,0,15.0015957356,0,"['averageBytePerNet:[8852065.683758864, 6219616.338476938], numNetworkHighestAverageByte: 1']"
51,1495441102.85633,22/05/2017 16:18:22,120000000,WiFi,0,9087648,9086145.73902929,4.8459443941,0,15.0024800301,0,"['averageBytePerNet:[8856234.497668812, 6219616.338476938], numNetworkHighestAverageByte: 1']"
52,1495441117.85881,22/05/2017 16:18:37,120000000,WiFi,0,9074616,9073074.79951505,4.8389732264,0,15.0025479794,0,"['averageBytePerNet:[8860832.722496022, 6219616.338476938], numNetworkHighestAverageByte: 1']"
53,1495441132.86136,22/05/2017 16:18:52,120000000,WiFi,0,9068824,9067724.73877044,4.8361198607,0,15.0018184185,0,"['averageBytePerNet:[8864994.331849335, 6219616.338476938], numNetworkHighestAverageByte: 1']"
54,1495441147.86318,22/05/2017 16:19:07,120000000,WiFi,0,7923456,7921555.39259448,4.2248295427,0,15.0035989285,0,"['averageBytePerNet:[8868892.993520895, 6219616.338476938], numNetworkHighestAverageByte: 1']"
55,1495441162.86678,22/05/2017 16:19:22,120000000,WiFi,0,9090544,9088194.03934491,4.847036821,0,15.0038785934,0,"['averageBytePerNet:[8851018.699163793, 6219616.338476938], numNetworkHighestAverageByte: 1']"
56,1495441177.87066,22/05/2017 16:19:37,120000000,WiFi,0,9074616,9073559.58596854,4.8392317792,0,15.0017464161,0,"['averageBytePerNet:[8855410.835093072, 6219616.338476938], numNetworkHighestAverageByte: 1']"
57,1495441192.8724,22/05/2017 16:19:52,120000000,WiFi,0,9076064,9075291.98533908,4.8401557255,0,15.0012760162,0,"['averageBytePerNet:[8859377.176018082, 6219616.338476938], numNetworkHighestAverageByte: 1']"
58,1495441207.87368,22/05/2017 16:20:07,120000000,WiFi,0,9074616,9073335.49917639,4.8391122662,0,15.0021169186,0,"['averageBytePerNet:[8863232.7976131, 6219616.338476938], numNetworkHighestAverageByte: 1']"
59,1495441222.8758,22/05/2017 16:20:22,120000000,WiFi,0,9076064,9074536.39788389,4.8397527455,0,15.0025250912,0,"['averageBytePerNet:[8866918.809921227, 6219616.338476938], numNetworkHighestAverageByte: 1']"
