time slot,timestamp,date time,block index,block length,gamma,max gain,weight,probability,selection type,network selected,delay,#bytes,#bytes w/o delay,bit rate (Mbps),selection duration,connect and download duration,#bytes downloaded during selection by previous network,log
1,1495450160.44085,22/05/2017 18:49:20,1,1,1,120000000,"[1, 1]","[0.5, 0.5]",2,Cellular,2.0583078861,8948840,10371870.9802585,5.5316645228,0.0004580021,15.0002930164,0,"['exploring after a reset', 'prob current block:0.5', '']"
2,1495450175.4416,22/05/2017 18:49:35,2,1,0.793700526,120000000,"[0.9336988447539382, 1.0]","[0.49646328240537124, 0.5035367175946288]",2,WiFi,4.0479228497,5991505,8206242.43073409,4.3766626297,0.0089373589,14.9996557236,0,"['; gamma used= 0.7937005259840998', 'exploring after a reset', 'prob current block:1.0', '<wifi_mac_address>']"
3,1495450190.45019,22/05/2017 18:49:50,3,2,0.6933612744,120000000,"[0.9560993480126861, 1.0]","[0.4965590602557476, 0.5034409397442524]",-1,Cellular,1.6544971466,8151448,9162129.31243292,4.8864689666,0.0046989918,14.999835968,0,"['; gamma used= 0.6933612743506348', 'current gain: 8206242.430734089, prev block gain: [10371870.980258506]', ' ----- switch back', '']"
4,1495450205.45473,22/05/2017 18:50:05,3,2,0.6933612744,120000000,"[0.9333803168437703, 1.0]","[0.49362466029871876, 0.5063753397012811]",-1,Cellular,0,5214484,5211857.79843512,2.7796574925,0,15.0075583458,0,"['; gamma used= 0.6299605249474366', 'no selection ----- in the middle of a block']"
5,1495450220.46228,22/05/2017 18:50:20,4,2,0.6299605249,120000000,"[0.9206983666171716, 1.0]","[0.49236092056467046, 0.5076390794353296]",0,Cellular,0,5253348,5251290.70494309,2.800688376,0,15.0058765411,0,"['; gamma used= 0.6299605249474366', 'flipped coin but will not select greedily...', 'choosing randomly']"
6,1495450235.46816,22/05/2017 18:50:35,4,2,0.6299605249,120000000,"[0.8977809767572185, 1.0]","[0.4888182629255869, 0.5111817370744132]",0,Cellular,0,6467096,6464692.90327757,3.4478362151,0,15.0055758953,0,"['; gamma used= 0.5848035476425733', 'no selection ----- in the middle of a block']"
7,1495450250.47374,22/05/2017 18:50:50,5,2,0.5848035476,120000000,"[0.8703500045790988, 1.0]","[0.48560958697165646, 0.5143904130283435]",0,WiFi,2.8541483879,7354072,9083337.61158965,4.8444467262,0.0080456734,14.9984817505,0,"['; gamma used= 0.5848035476425733', 'flipped coin but will not select greedily...', 'choosing randomly', '<wifi_mac_address>']"
8,1495450265.48026,22/05/2017 18:51:05,5,2,0.5848035476,120000000,"[0.9084920549837165, 1.0]","[0.4892194515423247, 0.5107805484576753]",0,WiFi,0,9073168,9072024.67032224,4.8384131575,0,15.0018904209,0,"['; gamma used= 0.5503212081491045', 'current gain: 9083337.611589652, prev block gain: [5251290.7049430935, 6464692.903277573]', 'no selection ----- in the middle of a block']"
9,1495450280.48216,22/05/2017 18:51:20,6,2,0.5503212081,120000000,"[0.9482549793360993, 1.0]","[0.49402833853288247, 0.5059716614671175]",1,WiFi,0,8531616,8529389.38200871,4.5490076704,0,15.0039157867,0,"['; gamma used= 0.5503212081491045', 'flipped coin and will select greedily...', 'averageBytePerNet:[8787201.570881994, 7292368.339869442], numNetworkHighestAverageByte: 1', 'choosing greedily']"
10,1495450295.48607,22/05/2017 18:51:35,6,2,0.5503212081,120000000,"[0.984151796422385, 1.0]","[0.498094039719657, 0.501905960280343]",1,WiFi,0,8496864,8495061.41138074,4.5306994194,0,15.003182888,0,"['; gamma used= 0.5227579585747102', 'no selection ----- in the middle of a block']"
11,1495450310.48925,22/05/2017 18:51:50,7,2,0.5227579586,120000000,"[1.0, 0.979187585503459]","[0.502509251587386, 0.497490748412614]",1,WiFi,0,9067376,9066378.35275688,4.8354017881,0,15.0016505718,0,"['; gamma used= 0.5227579585747102', 'flipped coin and will select greedily...', 'averageBytePerNet:[8677211.101207087, 7292368.339869442], numNetworkHighestAverageByte: 1', 'choosing greedily']"
12,1495450325.4909,22/05/2017 18:52:05,7,2,0.5227579586,120000000,"[1.0, 0.9428871997791198]","[0.5073489598659373, 0.4926510401340627]",1,WiFi,0,8072600,8071670.88215306,4.3048911371,0,15.0017266273,0,"['; gamma used= 0.5', 'no selection ----- in the middle of a block']"
13,1495450340.49263,22/05/2017 18:52:20,8,2,0.5,120000000,"[1.0, 0.9117033791355887]","[0.5115468515968644, 0.4884531484031356]",1,WiFi,0,8670624,8668605.46772222,4.6232562495,0,15.0034928322,0,"['; gamma used= 0.5', 'flipped coin and will select greedily...', 'averageBytePerNet:[8646300.67727791, 7292368.339869442], numNetworkHighestAverageByte: 1', 'choosing greedily']"
14,1495450355.49612,22/05/2017 18:52:35,8,2,0.5,120000000,"[1.0, 0.8805846877018398]","[0.51648594142563, 0.48351405857437013]",1,WiFi,0,9076064,9074549.23273401,4.8397595908,0,15.0025038719,0,"['; gamma used= 0.4807498567691362', 'no selection ----- in the middle of a block']"
15,1495450370.49863,22/05/2017 18:52:50,9,2,0.4807498568,120000000,"[1.0, 0.849146054437355]","[0.5211802990500332, 0.47881970094996684]",1,WiFi,0,9032624,9031604.62667125,4.8168558009,0,15.0016930103,0,"['; gamma used= 0.4807498567691362', 'flipped coin and will select greedily...', 'averageBytePerNet:[8696362.160155734, 7292368.339869442], numNetworkHighestAverageByte: 1', 'choosing greedily']"
16,1495450385.50032,22/05/2017 18:53:05,9,2,0.4807498568,120000000,"[1.0, 0.8199940138109669]","[0.5264986060144272, 0.47350139398557267]",1,WiFi,0,8751712,8751033.36071893,4.6672177924,0,15.0011632442,0,"['; gamma used= 0.4641588833612779', 'no selection ----- in the middle of a block']"
17,1495450400.50148,22/05/2017 18:53:20,10,2,0.4641588834,120000000,"[1.0, 0.792702603667015]","[0.5309807293468958, 0.46901927065310417]",1,WiFi,0,8242016,8240571.54861962,4.3949714926,0,15.0026292801,0,"['; gamma used= 0.4641588833612779', 'flipped coin and will select greedily...', 'averageBytePerNet:[8731808.857162891, 7292368.339869442], numNetworkHighestAverageByte: 1', 'choosing greedily']"
18,1495450415.50411,22/05/2017 18:53:35,10,2,0.4641588834,120000000,"[1.0, 0.7685997913160608]","[0.5360037418986109, 0.46399625810138917]",1,WiFi,0,9060136,9058836.66734813,4.8313795559,0,15.0021514893,0,"['; gamma used= 0.4496443130226092', 'no selection ----- in the middle of a block']"
19,1495450430.50626,22/05/2017 18:53:50,11,2,0.449644313,120000000,"[1.0, 0.7429484192512178]","[0.540583472737649, 0.45941652726235105]",1,WiFi,0,9077512,9075753.81735474,4.8404020359,0,15.0029058456,0,"['; gamma used= 0.4496443130226092', 'flipped coin and will select greedily...', 'averageBytePerNet:[8719177.357289195, 7292368.339869442], numNetworkHighestAverageByte: 1', 'choosing greedily']"
20,1495450445.50917,22/05/2017 18:54:05,11,2,0.449644313,120000000,"[1.0, 0.7188060810513968]","[0.5460701074706625, 0.45392989252933746]",1,WiFi,0,9052896,9051786.15391046,4.8276192821,0,15.0018391609,0,"['; gamma used= 0.43679023236814946', 'no selection ----- in the middle of a block']"
21,1495450460.51101,22/05/2017 18:54:20,12,3,0.4367902324,120000000,"[1.0, 0.6955089293747252]","[0.550572527859254, 0.449427472140746]",1,WiFi,0,9080408,9078872.45271541,4.8420653081,0,15.0025370121,0,"['; gamma used= 0.43679023236814946', 'flipped coin and will select greedily...', 'averageBytePerNet:[8765123.041068316, 7292368.339869442], numNetworkHighestAverageByte: 1', 'choosing greedily']"
22,1495450475.51355,22/05/2017 18:54:35,12,3,0.4367902324,120000000,"[1.0, 0.6734862241399258]","[0.5560657770931121, 0.4439342229068878]",1,WiFi,0,8003096,8002165.21633,4.2678214487,0,15.0017447472,0,"['; gamma used= 0.42529037028299016', 'no selection ----- in the middle of a block']"
23,1495450490.51529,22/05/2017 18:54:50,12,3,0.4367902324,120000000,"[1.0, 0.6546542125332813]","[0.5599743282118936, 0.44002567178810625]",1,WiFi,0,9073168,9071898.37234674,4.8383457986,0,15.0020992756,0,"['; gamma used= 0.42529037028299016', 'no selection ----- in the middle of a block']"
24,1495450505.51739,22/05/2017 18:55:05,13,3,0.4252903703,120000000,"[1.0, 0.6339408063017881]","[0.5643774067130893, 0.43562259328691066]",1,WiFi,0,9076064,9075224.48357496,4.8401197246,0,15.0013875961,0,"['; gamma used= 0.42529037028299016', 'flipped coin and will select greedily...', 'averageBytePerNet:[8757210.092078714, 7292368.339869442], numNetworkHighestAverageByte: 1', 'choosing greedily']"
25,1495450520.51878,22/05/2017 18:55:20,13,3,0.4252903703,120000000,"[1.0, 0.6143574916387872]","[0.5698836275774768, 0.4301163724225233]",1,WiFi,0,9076064,9074479.86729078,4.8397225959,0,15.0026185513,0,"['; gamma used= 0.41491326668312173', 'no selection ----- in the middle of a block']"
26,1495450535.5214,22/05/2017 18:55:35,13,3,0.4252903703,120000000,"[1.0, 0.595380665708651]","[0.5741946450856038, 0.42580535491439625]",1,WiFi,0,9073168,9071897.07478305,4.8383451066,0,15.0021014214,0,"['; gamma used= 0.41491326668312173', 'no selection ----- in the middle of a block']"
27,1495450550.5235,22/05/2017 18:55:50,14,3,0.4149132667,120000000,"[1.0, 0.576995165731646]","[0.5784702838782939, 0.42152971612170614]",1,WiFi,0,9076064,9075203.5697706,4.8401085705,0,15.0014221668,0,"['; gamma used= 0.41491326668312173', 'flipped coin and will select greedily...', 'averageBytePerNet:[8802446.813479315, 7292368.339869442], numNetworkHighestAverageByte: 1', 'choosing greedily']"
28,1495450565.52492,22/05/2017 18:56:05,14,3,0.4149132667,120000000,"[1.0, 0.5595700747781894]","[0.5839476035041566, 0.4160523964958434]",1,WiFi,0,9035520,9034065.98121443,4.8181685233,0,15.0024142265,0,"['; gamma used= 0.4054801330382267', 'no selection ----- in the middle of a block']"
29,1495450580.52733,22/05/2017 18:56:20,14,3,0.4149132667,120000000,"[1.0, 0.5427466553370782]","[0.5881046141621451, 0.411895385837855]",1,WiFi,0,8033504,8032769.85472958,4.2841439225,0,15.0013709068,0,"['; gamma used= 0.4054801330382267', 'no selection ----- in the middle of a block']"
30,1495450595.52871,22/05/2017 18:56:35,15,3,0.405480133,120000000,"[1.0, 0.5282131566720633]","[0.5917694793115268, 0.4082305206884732]",1,WiFi,0,9073168,9071670.29518642,4.8382241574,0,15.0024764538,0,"['; gamma used= 0.4054801330382267', 'flipped coin and will select greedily...', 'averageBytePerNet:[8791392.603699178, 7292368.339869442], numNetworkHighestAverageByte: 1', 'choosing greedily']"
31,1495450610.53118,22/05/2017 18:56:50,15,3,0.405480133,120000000,"[1.0, 0.5126016939444195]","[0.5971750069077821, 0.402824993092218]",1,WiFi,0,9029728,9028541.50229357,4.8152221346,0,15.0019712448,0,"['; gamma used= 0.3968502629920499', 'no selection ----- in the middle of a block']"
32,1495450625.53315,22/05/2017 18:57:05,15,3,0.405480133,120000000,"[1.0, 0.4975225885177101]","[0.6011901659820588, 0.3988098340179413]",1,WiFi,0,9087648,9086177.93956809,4.8459615678,0,15.0024268627,0,"['; gamma used= 0.3968502629920499', 'no selection ----- in the middle of a block']"
33,1495450640.53558,22/05/2017 18:57:20,16,4,0.396850263,120000000,"[1.0, 0.4827950285660749]","[0.6051905477459171, 0.3948094522540829]",0,WiFi,0,9070272,9069365.99405682,4.8369951968,0,15.0014984608,0,"['; gamma used= 0.3968502629920499', 'flipped coin but will not select greedily...', 'choosing randomly']"
34,1495450655.53708,22/05/2017 18:57:35,16,4,0.396850263,120000000,"[1.0, 0.47121194679869133]","[0.6098198327444839, 0.39018016725551613]",0,WiFi,0,9076064,9074279.70850573,4.8396158445,0,15.0029494762,0,"['; gamma used= 0.3889111187328203', 'no selection ----- in the middle of a block']"
35,1495450670.54003,22/05/2017 18:57:50,16,4,0.396850263,120000000,"[1.0, 0.45990071209903566]","[0.6130380535064124, 0.3869619464935876]",0,WiFi,0,9076064,9074634.75125774,4.8398052007,0,15.0023624897,0,"['; gamma used= 0.3889111187328203', 'no selection ----- in the middle of a block']"
36,1495450685.54239,22/05/2017 18:58:05,16,4,0.396850263,120000000,"[1.0, 0.44886057187703493]","[0.6162276008786579, 0.3837723991213422]",0,WiFi,0,8989184,8987623.60106223,4.7933992539,0,15.0026042461,0,"['; gamma used= 0.3889111187328203', 'no selection ----- in the middle of a block']"
37,1495450700.54499,22/05/2017 18:58:20,17,4,0.3889111187,120000000,"[1.0, 0.43818753339332034]","[0.6193576441629255, 0.3806423558370746]",1,WiFi,0,7051760,7050486.3873769,3.7602594066,0,15.0027096272,0,"['; gamma used= 0.3889111187328203', 'flipped coin and will select greedily...', 'averageBytePerNet:[8851152.138087448, 7292368.339869442], numNetworkHighestAverageByte: 1', 'choosing greedily']"
38,1495450715.5477,22/05/2017 18:58:35,17,4,0.3889111187,120000000,"[1.0, 0.4284731647242694]","[0.6237154961057441, 0.37628450389425594]",1,WiFi,0,7260272,7259154.53352392,3.8715490845,0,15.0023090839,0,"['; gamma used= 0.38157141418444396', 'no selection ----- in the middle of a block']"
39,1495450730.55001,22/05/2017 18:58:50,17,4,0.3889111187,120000000,"[1.0, 0.4186962546591761]","[0.6266990210130554, 0.3733009789869446]",1,WiFi,0,9067376,9066220.43248672,4.835317564,0,15.0019118786,0,"['; gamma used= 0.38157141418444396', 'no selection ----- in the middle of a block']"
40,1495450745.55193,22/05/2017 18:59:05,17,4,0.3889111187,120000000,"[1.0, 0.40679822732432414]","[0.6303857675726672, 0.3696142324273328]",1,WiFi,0,9041312,9040307.59418228,4.8214973836,0,15.0016665459,0,"['; gamma used= 0.38157141418444396', 'no selection ----- in the middle of a block']"
41,1495450760.55359,22/05/2017 18:59:20,18,2,0.3815714142,120000000,"[1.0, 0.39527087206489286]","[0.6340176258524335, 0.3659823741475665]",0,Cellular,1.6306598186,7737188,8680499.96874475,4.6295999833,0.0024909973,15.0006062984,2896,"['; gamma used= 0.38157141418444396', 'flipped coin but will not select greedily...', 'choosing randomly', '']"
42,1495450775.55669,22/05/2017 18:59:35,19,4,0.3815714142,120000000,"[1.0, 0.4101845235313275]","[0.6307554002137157, 0.3692445997862843]",-1,WiFi,4.1732354164,6110239,8466200.71975667,4.5153070505,0.0072424412,14.9990577698,0,"['; gamma used= 0.3747561767843155', 'current gain: 8680499.968744751, prev block gain: [7050486.387376904, 7259154.533523922, 9066220.432486722, 9040307.594182279]', ' ----- switch back', '<wifi_mac_address>']"
43,1495450790.56299,22/05/2017 18:59:50,19,4,0.3747561768,120000000,"[1.0, 0.4048883647945067]","[0.6337724205332249, 0.3662275794667751]",-1,WiFi,0,8496864,8495804.63333911,4.5310958044,0,15.0018703938,0,"['; gamma used= 0.36840314986403866', 'no selection ----- in the middle of a block']"
44,1495450805.56486,22/05/2017 19:00:05,19,4,0.3747561768,120000000,"[1.0, 0.3996424270801775]","[0.635457437083575, 0.36454256291642506]",-1,WiFi,0,9064480,9062935.91211252,4.8335658198,0,15.0025556087,0,"['; gamma used= 0.36840314986403866', 'no selection ----- in the middle of a block']"
45,1495450820.56742,22/05/2017 19:00:20,19,4,0.3747561768,120000000,"[1.0, 0.3941212052158382]","[0.6372445727524114, 0.3627554272475886]",-1,WiFi,0,8255048,8254281.01495213,4.402283208,0,15.001393795,0,"['; gamma used= 0.36840314986403866', 'no selection ----- in the middle of a block']"
46,1495450835.56881,22/05/2017 19:00:35,20,5,0.3684031499,120000000,"[1.0, 0.3891590230709828]","[0.6388628769474678, 0.3611371230525323]",0,WiFi,0,8657592,8655808.40809055,4.616431151,0,15.0030908585,0,"['; gamma used= 0.36840314986403866', 'flipped coin but will not select greedily...', 'choosing randomly']"
47,1495450850.5719,22/05/2017 19:00:50,20,5,0.3684031499,120000000,"[1.0, 0.3812769513830587]","[0.6427883868951045, 0.3572116131048956]",0,WiFi,0,9076064,9074982.89895077,4.8399908794,0,15.0017869473,0,"['; gamma used= 0.3624601243342974', 'no selection ----- in the middle of a block']"
48,1495450865.57369,22/05/2017 19:01:05,20,5,0.3684031499,120000000,"[1.0, 0.3731845468247596]","[0.6455084267466934, 0.3544915732533066]",0,WiFi,0,9060136,9059283.55886923,4.8316178981,0,15.001411438,0,"['; gamma used= 0.3624601243342974', 'no selection ----- in the middle of a block']"
49,1495450880.5751,22/05/2017 19:01:20,20,5,0.3684031499,120000000,"[1.0, 0.3652774555220671]","[0.648197324452978, 0.3518026755470221]",0,WiFi,0,8777776,8776570.72142803,4.6808377181,0,15.0020599365,0,"['; gamma used= 0.3624601243342974', 'no selection ----- in the middle of a block']"
50,1495450895.57716,22/05/2017 19:01:35,20,5,0.3684031499,120000000,"[1.0, 0.3577769318033802]","[0.6507769079947112, 0.34922309200528884]",0,WiFi,0,8292696,8291167.03564028,4.4219557523,0,15.0027661324,0,"['; gamma used= 0.3624601243342974', 'no selection ----- in the middle of a block']"
51,1495450910.57992,22/05/2017 19:01:50,21,5,0.3624601243,120000000,"[1.0, 0.35083276415746584]","[0.6531906871845212, 0.3468093128154788]",1,WiFi,0,9076064,9074754.88371079,4.8398692713,0,15.002163887,0,"['; gamma used= 0.3624601243342974', 'flipped coin and will select greedily...', 'averageBytePerNet:[8748611.821168635, 7523723.611348662], numNetworkHighestAverageByte: 1', 'choosing greedily']"
52,1495450925.58209,22/05/2017 19:02:05,21,5,0.3624601243,120000000,"[1.0, 0.34149092752172044]","[0.6578461762404462, 0.34215382375955383]",1,WiFi,0,9076064,9074908.62327842,4.8399512657,0,15.0019097328,0,"['; gamma used= 0.3568829277518041', 'no selection ----- in the middle of a block']"
53,1495450940.584,22/05/2017 19:02:20,21,5,0.3624601243,120000000,"[1.0, 0.33239768965111394]","[0.6611179779852856, 0.3388820220147144]",1,WiFi,0,9076064,9074292.83103744,4.8396228432,0,15.0029277802,0,"['; gamma used= 0.3568829277518041', 'no selection ----- in the middle of a block']"
54,1495450955.58693,22/05/2017 19:02:35,21,5,0.3624601243,120000000,"[1.0, 0.32354717952091633]","[0.6643456176522597, 0.3356543823477402]",1,WiFi,0,9061584,9060541.19879754,4.8322886394,0,15.0017263889,0,"['; gamma used= 0.3568829277518041', 'no selection ----- in the middle of a block']"
55,1495450970.58865,22/05/2017 19:02:50,21,5,0.3624601243,120000000,"[1.0, 0.314945205717658]","[0.6675242556544398, 0.33247574434556015]",1,WiFi,0,7987168,7986388.46007262,4.2594071787,0,15.0014641285,0,"['; gamma used= 0.3568829277518041', 'no selection ----- in the middle of a block']"
56,1495450985.59012,22/05/2017 19:03:05,22,6,0.3568829278,120000000,"[1.0, 0.30755285524775605]","[0.670289322772847, 0.32971067722715297]",0,WiFi,0,9076064,9074762.23886227,4.8398731941,0,15.0021517277,0,"['; gamma used= 0.3568829277518041', 'flipped coin but will not select greedily...', 'choosing randomly']"
57,1495451000.59227,22/05/2017 19:03:20,22,6,0.3568829278,120000000,"[1.0, 0.3015123676015948]","[0.6739805638917138, 0.3260194361082863]",0,WiFi,0,9054344,9053032.98100074,4.8282842565,0,15.0021722317,0,"['; gamma used= 0.35163388691695935', 'no selection ----- in the middle of a block']"
58,1495451015.59444,22/05/2017 19:03:35,22,6,0.3568829278,120000000,"[1.0, 0.29560455793387835]","[0.6762521334341931, 0.3237478665658069]",0,WiFi,0,9071720,9070588.52933918,4.8376472156,0,15.001871109,0,"['; gamma used= 0.35163388691695935', 'no selection ----- in the middle of a block']"
59,1495451030.59631,22/05/2017 19:03:50,22,6,0.3568829278,120000000,"[1.0, 0.2898013845141207]","[0.678503729864191, 0.3214962701358089]",0,WiFi,0,9076064,9074857.28002922,4.8399238827,0,15.0019946098,0,"['; gamma used= 0.35163388691695935', 'no selection ----- in the middle of a block']"
60,1495451045.59831,22/05/2017 19:04:05,22,6,0.3568829278,120000000,"[1.0, 0.2841094853639547]","[0.6807319218719243, 0.3192680781280757]",0,WiFi,0,9076064,9074662.58478429,4.8398200452,0,15.0023164749,0,"['; gamma used= 0.35163388691695935', 'no selection ----- in the middle of a block']"
61,1495451060.60062,22/05/2017 19:04:20,22,6,0.3568829278,120000000,"[1.0, 0.2785294975746043]","[0.6829355623976625, 0.3170644376023375]",0,WiFi,0,9067376,9066512.9351392,4.8354735654,0,15.0014278889,0,"['; gamma used= 0.35163388691695935', 'no selection ----- in the middle of a block']"
