time slot,timestamp,date time,block index,block length,gamma,max gain,weight,probability,selection type,network selected,delay,#bytes,#bytes w/o delay,bit rate (Mbps),selection duration,connect and download duration,#bytes downloaded during selection by previous network,log
1,1495438428.31901,22/05/2017 15:33:48,1,1,1,120000000,"[1, 1]","[0.5, 0.5]",2,WiFi,3.5203995705,5859800,7656805.1678191,4.0836294228,0.0005075932,14.9999916553,0,"['exploring after a reset', 'prob current block:0.5', '<wifi_mac_address>']"
2,1495438443.3195,22/05/2017 15:34:03,2,1,0.793700526,120000000,"[1.0, 0.9506175822004582]","[0.5026113695761387, 0.49738863042386133]",2,Cellular,1.7310376167,7377740,8340155.76769451,4.4480830761,0.0038278103,15.0001063347,2896,"['; gamma used= 0.7937005259840998', 'exploring after a reset', 'prob current block:1.0', '']"
3,1495438458.32344,22/05/2017 15:34:18,3,2,0.6933612744,120000000,"[1.0, 0.9738006528897387]","[0.5020350926520807, 0.4979649073479193]",0,WiFi,4.0177612305,6078384,8334033.71950813,4.4448179837,0.0469231606,14.9579329491,0,"['; gamma used= 0.6933612743506348', 'current gain: 8340155.767694506, prev block gain: [7656805.167819102]', 'flipped coin but will not select greedily...', 'choosing randomly', '<wifi_mac_address>']"
4,1495438473.32829,22/05/2017 15:34:33,4,2,0.6933612744,120000000,"[1.0, 0.9322798438772695]","[0.5064843431197444, 0.49351565688025556]",-1,Cellular,0.8558967113,13513928,14332091.7070727,7.6437822438,0.0057406425,14.999604702,5792,"['; gamma used= 0.6299605249474366', 'current gain: 8334033.719508126, prev block gain: [8340155.767694506]', ' ----- switch back', '']"
5,1495438488.33364,22/05/2017 15:34:48,4,2,0.6299605249,120000000,"[1.0, 0.9654127916748603]","[0.5036533002772684, 0.4963466997227316]",-1,Cellular,0,9007772,9004528.25755899,4.8024150707,0,15.0054035187,0,"['; gamma used= 0.5848035476425733', 'no selection ----- in the middle of a block']"
6,1495438503.33904,22/05/2017 15:35:03,5,2,0.5848035476,120000000,"[1.0, 0.9868291658680023]","[0.5013761836448088, 0.49862381635519115]",1,Cellular,0,11921184,11916546.3352525,6.3554913788,0,15.0058376789,0,"['; gamma used= 0.5848035476425733', 'flipped coin and will select greedily...', 'averageBytePerNet:[7995419.443663614, 10558925.24410872], numNetworkHighestAverageByte: 1', 'choosing greedily']"
7,1495438518.34488,22/05/2017 15:35:18,5,2,0.5848035476,120000000,"[0.9594538499491979, 1.0]","[0.49534749344325646, 0.5046525065567434]",1,Cellular,0,16650028,16647900.5255295,8.8788802803,0,15.0019168854,0,"['; gamma used= 0.5503212081491045', 'no selection ----- in the middle of a block']"
8,1495438533.3468,22/05/2017 15:35:33,6,2,0.5503212081,120000000,"[0.8889284751258839, 1.0]","[0.4867791423094777, 0.5132208576905223]",0,WiFi,2.7095022202,7433712,9073130.49033606,4.8390029282,0.0051867962,14.9991612434,8328,"['; gamma used= 0.5503212081491045', 'flipped coin but will not select greedily...', 'choosing randomly', '<wifi_mac_address>']"
9,1495438548.35115,22/05/2017 15:35:48,7,2,0.5503212081,120000000,"[0.9257606359096405, 1.0]","[0.4908009996123265, 0.5091990003876736]",-1,Cellular,1.9113202095,7244492,8302372.33400161,4.4279319115,0.0027523041,15.0000345707,0,"['; gamma used= 0.5227579585747102', 'current gain: 9073130.490336059, prev block gain: [11916546.335252466, 16647900.52552946]', ' ----- switch back', '']"
10,1495438563.35393,22/05/2017 15:36:03,7,2,0.5227579586,120000000,"[0.9098858023052527, 1.0]","[0.4882042426848272, 0.5117957573151728]",-1,Cellular,0,7254092,7251117.54001057,3.867262688,0,15.0061531067,0,"['; gamma used= 0.5', 'no selection ----- in the middle of a block']"
11,1495438578.36009,22/05/2017 15:36:18,8,2,0.5,120000000,"[0.8962439170598772, 1.0]","[0.486320841690425, 0.513679158309575]",0,WiFi,1.0166466236,8460344,9076955.88784815,4.8410431402,0.006349802,14.9976730347,0,"['; gamma used= 0.5', 'flipped coin but will not select greedily...', 'choosing randomly', '<wifi_mac_address>']"
12,1495438593.36411,22/05/2017 15:36:33,8,2,0.5,120000000,"[0.9303864196115272, 1.0]","[0.4906374026411764, 0.5093625973588236]",0,WiFi,0,9042760,9041563.74309862,4.8221673297,0,15.0019845963,0,"['; gamma used= 0.4807498567691362', 'current gain: 9076955.887848154, prev block gain: [8302372.334001608, 7251117.54001057]', 'no selection ----- in the middle of a block']"
13,1495438608.36609,22/05/2017 15:36:48,9,2,0.4807498568,120000000,"[0.9656887978250857, 1.0]","[0.4954682306112087, 0.5045317693887913]",1,Cellular,4.297724247,4427920,6205346.98665138,3.3095183929,0.00364995,15.0012030602,0,"['; gamma used= 0.4807498567691362', 'flipped coin and will select greedily...', 'averageBytePerNet:[8636497.80172201, 10827816.066731466], numNetworkHighestAverageByte: 1', 'choosing greedily', '']"
14,1495438623.37095,22/05/2017 15:37:03,10,2,0.4807498568,120000000,"[0.9427860762527263, 1.0]","[0.49210989486625445, 0.5078901051337454]",-1,WiFi,4.1564381123,6443279,8914077.51721377,4.7541746758,0.0076332092,14.9987473488,1388,"['; gamma used= 0.4641588833612779', 'current gain: 6205346.986651384, prev block gain: [9076955.887848154, 9041563.743098617]', ' ----- switch back', '<wifi_mac_address>']"
15,1495438638.37733,22/05/2017 15:37:18,10,2,0.4641588834,120000000,"[0.958663461558909, 1.0]","[0.4941925196805103, 0.5058074803194897]",-1,WiFi,0,8159480,8157930.22230121,4.3508961186,0,15.0028495789,0,"['; gamma used= 0.4496443130226092', 'no selection ----- in the middle of a block']"
16,1495438653.38018,22/05/2017 15:37:33,11,2,0.449644313,120000000,"[0.973428246869348, 1.0]","[0.49629479423140593, 0.503705205768594]",0,WiFi,0,9073168,9072287.94658569,4.8385535715,0,15.0014550686,0,"['; gamma used= 0.4496443130226092', 'flipped coin but will not select greedily...', 'choosing randomly']"
17,1495438668.38163,22/05/2017 15:37:48,11,2,0.449644313,120000000,"[1.0, 0.9936822783900564]","[0.5008923695010151, 0.499107630498985]",0,WiFi,0,8664832,8663424.27837884,4.6204929485,0,15.0024373531,0,"['; gamma used= 0.43679023236814946', 'no selection ----- in the middle of a block']"
18,1495438683.38407,22/05/2017 15:38:03,12,2,0.4367902324,120000000,"[1.0, 0.9626096013569838]","[0.5053649583994787, 0.4946350416005213]",1,Cellular,2.5531463623,10956004,13203453.3527065,7.0418417881,0.0025818348,14.999894619,0,"['; gamma used= 0.43679023236814946', 'flipped coin and will select greedily...', 'averageBytePerNet:[8665578.774787731, 10250007.431721456], numNetworkHighestAverageByte: 1', 'choosing greedily', '']"
19,1495438698.38655,22/05/2017 15:38:18,12,2,0.4367902324,120000000,"[0.9913507895603827, 1.0]","[0.49875190635543565, 0.5012480936445644]",1,Cellular,0,13632588,13627957.9493223,7.2682442396,0,15.0050961971,0,"['; gamma used= 0.42529037028299016', 'current gain: 13203453.352706535, prev block gain: [9072287.946585687, 8663424.278378839]', 'no selection ----- in the middle of a block']"
20,1495438713.39164,22/05/2017 15:38:33,13,2,0.4252903703,120000000,"[0.9446077730364449, 1.0]","[0.49181468708270226, 0.5081853129172976]",1,Cellular,0,8573444,8568883.92991674,4.5700714293,0,15.0079824924,0,"['; gamma used= 0.42529037028299016', 'flipped coin and will select greedily...', 'averageBytePerNet:[8665578.774787731, 10883147.075580046], numNetworkHighestAverageByte: 1', 'choosing greedily']"
21,1495438728.39962,22/05/2017 15:38:48,13,2,0.4252903703,120000000,"[0.9170315917110315, 1.0]","[0.4873388328120962, 0.5126611671879039]",1,Cellular,0,9680952,9676425.12703508,5.1607600678,0,15.007017374,0,"['; gamma used= 0.41491326668312173', 'no selection ----- in the middle of a block']"
22,1495438743.40664,22/05/2017 15:39:03,14,2,0.4149132667,120000000,"[0.8868577639693193, 1.0]","[0.4824581315710571, 0.5175418684289429]",0,Cellular,0,12700216,12697037.0263691,6.7717530807,0,15.0037555695,0,"['; gamma used= 0.41491326668312173', 'flipped coin but will not select greedily...', 'choosing randomly']"
23,1495438758.4104,22/05/2017 15:39:18,14,2,0.4149132667,120000000,"[0.8508497029742913, 1.0]","[0.4760453767254744, 0.5239546232745256]",0,Cellular,0,14596652,14593833.8846406,7.7833780718,0,15.0028965473,0,"['; gamma used= 0.4054801330382267', 'no selection ----- in the middle of a block']"
24,1495438773.41329,22/05/2017 15:39:33,15,3,0.405480133,120000000,"[0.8112646687048237, 1.0]","[0.4690252600872434, 0.5309747399127567]",1,Cellular,0,15341968,15336648.4627934,8.1795458468,0,15.0052027702,0,"['; gamma used= 0.4054801330382267', 'flipped coin and will select greedily...', 'averageBytePerNet:[8665578.774787731, 11026260.765983], numNetworkHighestAverageByte: 1', 'choosing greedily']"
25,1495438788.4185,22/05/2017 15:39:48,15,3,0.405480133,120000000,"[0.7711437029392091, 1.0]","[0.46103235012614696, 0.538967649873853]",1,Cellular,0,9882212,9880453.24660637,5.2695750649,0,15.0026700497,0,"['; gamma used= 0.3968502629920499', 'no selection ----- in the middle of a block']"
26,1495438803.42117,22/05/2017 15:40:03,15,3,0.405480133,120000000,"[0.7463534170519214, 1.0]","[0.4561981932453394, 0.5438018067546606]",1,Cellular,0,17357112,17353030.1548236,9.2549494159,0,15.0035283566,0,"['; gamma used= 0.3968502629920499', 'no selection ----- in the middle of a block']"
27,1495438818.42469,22/05/2017 15:40:18,16,3,0.396850263,120000000,"[0.7047275558926075, 1.0]","[0.44776482130723305, 0.552235178692767]",1,Cellular,0,20936813,20927948.4557928,11.1615725098,0,15.0063536167,0,"['; gamma used= 0.3968502629920499', 'flipped coin and will select greedily...', 'averageBytePerNet:[8665578.774787731, 11584575.446352083], numNetworkHighestAverageByte: 1', 'choosing greedily']"
28,1495438833.43105,22/05/2017 15:40:33,16,3,0.396850263,120000000,"[0.6585137162640088, 1.0]","[0.4370887111002056, 0.5629112888997945]",1,Cellular,0,22628283,22623621.5987793,12.0659315193,0,15.00309062,0,"['; gamma used= 0.3889111187328203', 'no selection ----- in the middle of a block']"
29,1495438848.43414,22/05/2017 15:40:48,16,3,0.396850263,120000000,"[0.6119581313282725, 1.0]","[0.4264471989678679, 0.5735528010321321]",1,Cellular,0,16790172,16786721.7795847,8.9529182824,0,15.0030829906,0,"['; gamma used= 0.3889111187328203', 'no selection ----- in the middle of a block']"
30,1495438863.43722,22/05/2017 15:41:03,17,3,0.3889111187,120000000,"[0.5795542910516367, 1.0]","[0.41867019089803403, 0.581329809101966]",1,Cellular,0,11819108,11814889.2390843,6.3012742608,0,15.0053560734,0,"['; gamma used= 0.3889111187328203', 'flipped coin and will select greedily...', 'averageBytePerNet:[8665578.774787731, 12863803.721107109], numNetworkHighestAverageByte: 1', 'choosing greedily']"
31,1495438878.44258,22/05/2017 15:41:18,17,3,0.3889111187,120000000,"[0.5581852023251204, 1.0]","[0.4123239971375844, 0.5876760028624156]",1,Cellular,0,10732420,10727518.8800893,5.7213434027,0,15.0068531036,0,"['; gamma used= 0.38157141418444396', 'no selection ----- in the middle of a block']"
32,1495438893.44943,22/05/2017 15:41:33,17,3,0.3889111187,120000000,"[0.5394660513271029, 1.0]","[0.40749800609363407, 0.5925019939063658]",1,Cellular,0,10934316,10931175.7083131,5.8299603778,0,15.0043091774,0,"['; gamma used= 0.38157141418444396', 'no selection ----- in the middle of a block']"
33,1495438908.45374,22/05/2017 15:41:48,18,2,0.3815714142,120000000,"[0.5210371382067881, 1.0]","[0.4026308043910897, 0.5973691956089102]",0,WiFi,0.9448554516,8511023,9086229.62281884,4.8459891322,0.0127155781,14.9952757359,0,"['; gamma used= 0.38157141418444396', 'flipped coin but will not select greedily...', 'choosing randomly', '<wifi_mac_address>']"
34,1495438923.46173,22/05/2017 15:42:03,19,3,0.3815714142,120000000,"[0.5397249006281127, 1.0]","[0.40654688940054823, 0.5934531105994518]",-1,Cellular,1.6659698486,12036868,13540596.9415234,7.2216517021,0.0021939278,15.0001692772,2896,"['; gamma used= 0.3747561767843155', 'current gain: 9086229.622818837, prev block gain: [11814889.239084307, 10727518.880089294, 10931175.708313115]', ' ----- switch back', '']"
35,1495438938.4641,22/05/2017 15:42:18,19,3,0.3747561768,120000000,"[0.5286225031282671, 1.0]","[0.40261802974904304, 0.597381970250957]",-1,Cellular,0,11710092,11704615.5448234,6.2424616239,0,15.0070183277,0,"['; gamma used= 0.36840314986403866', 'no selection ----- in the middle of a block']"
36,1495438953.47111,22/05/2017 15:42:33,19,3,0.3747561768,120000000,"[0.5192096928178316, 1.0]","[0.40005802193477336, 0.5999419780652266]",-1,Cellular,0,7116680,7113043.12530431,3.7936230002,0,15.0076694489,0,"['; gamma used= 0.36840314986403866', 'no selection ----- in the middle of a block']"
37,1495438968.47878,22/05/2017 15:42:48,20,4,0.3684031499,120000000,"[0.5135714790653824, 1.0]","[0.39850934498702734, 0.6014906550129727]",0,Cellular,0,7430676,7427178.95063568,3.961162107,0,15.0070626736,0,"['; gamma used= 0.36840314986403866', 'flipped coin but will not select greedily...', 'choosing randomly']"
38,1495438983.48585,22/05/2017 15:43:03,20,4,0.3684031499,120000000,"[0.5040828883019444, 1.0]","[0.39489710434462366, 0.6051028956553763]",0,Cellular,0,6804824,6801590.15450713,3.6275147491,0,15.007131815,0,"['; gamma used= 0.3624601243342974', 'no selection ----- in the middle of a block']"
39,1495438998.49298,22/05/2017 15:43:18,20,4,0.3684031499,120000000,"[0.4955473794906798, 1.0]","[0.3924779430698223, 0.6075220569301777]",0,Cellular,0,3726664,3724838.71857558,1.9865806499,0,15.0073504448,0,"['; gamma used= 0.3624601243342974', 'no selection ----- in the middle of a block']"
40,1495439013.50033,22/05/2017 15:43:33,21,1,0.3624601243,120000000,"[0.4909343792233245, 1.0]","[0.3911589815425969, 0.6088410184574031]",2,Cellular,0,9528272,9524814.6414495,5.0799011421,0,15.0054447651,0,"['; gamma used= 0.3624601243342974', 'ALGORITHM RESET DUE TO NETWORK QUALITY DROP', 'exploring after a reset', 'prob current block:0.5']"
41,1495439028.50577,22/05/2017 15:43:48,22,1,0.3568829278,120000000,"[0.4772227869904069, 1.0]","[0.3862030312456234, 0.6137969687543766]",2,WiFi,1.0751094818,8321335,8963830.65766537,4.7807096841,0.0053906441,14.9999625683,5552,"['; gamma used= 0.3568829277518041', 'exploring after a reset', 'prob current block:1.0', '<wifi_mac_address>']"
42,1495439043.51113,22/05/2017 15:44:03,23,2,0.3516338869,120000000,"[0.4835316234828034, 1.0]","[0.3871407294215172, 0.6128592705784829]",-1,Cellular,1.9559037685,9398740,10808101.5626153,5.7643208334,0.0040550232,14.9999244213,2896,"['; gamma used= 0.35163388691695935', 'current gain: 8963830.65766537, prev block gain: [9524814.641449502]', ' ----- switch back', '']"
43,1495439058.51511,22/05/2017 15:44:18,23,2,0.3516338869,120000000,"[0.47604119123473565, 1.0]","[0.38404373904953437, 0.6159562609504656]",-1,Cellular,0,7209040,7206068.44238807,3.8432365026,0,15.0061855316,0,"['; gamma used= 0.3466806371753174', 'no selection ----- in the middle of a block']"
44,1495439073.52129,22/05/2017 15:44:33,24,2,0.3466806372,120000000,"[0.4711116909590854, 1.0]","[0.38256059169689377, 0.6174394083031063]",0,WiFi,0.8976910114,8519712,9063050.84808709,4.833627119,0.006727457,14.998426199,0,"['; gamma used= 0.3466806371753174', 'flipped coin but will not select greedily...', 'choosing randomly', '<wifi_mac_address>']"
45,1495439088.52644,22/05/2017 15:44:48,24,2,0.3466806372,120000000,"[0.4872872018777469, 1.0]","[0.38658293864566157, 0.6134170613543385]",0,WiFi,0,9065928,9063525.06500237,4.8338800347,0,15.0039768219,0,"['; gamma used= 0.3419951893353394', 'current gain: 9063050.848087095, prev block gain: [10808101.562615266, 7206068.442388069]', 'no selection ----- in the middle of a block']"
46,1495439103.53042,22/05/2017 15:45:03,25,2,0.3419951893,120000000,"[0.5040189855128352, 1.0]","[0.3915047294367721, 0.6084952705632278]",0,Cellular,1.3458154202,13233908,14539051.6137722,7.7541608607,0.0032446384,14.9992933273,19280,"['; gamma used= 0.3419951893353394', 'flipped coin but will not select greedily...', 'choosing randomly', '']"
47,1495439118.53296,22/05/2017 15:45:18,25,2,0.3419951893,120000000,"[0.48736263523232387, 1.0]","[0.3858398824097569, 0.614160117590243]",0,Cellular,0,9175836,9171455.27473607,4.8914428132,0,15.0071647167,0,"['; gamma used= 0.33755319058958183', 'current gain: 14539051.613772208, prev block gain: [9063050.848087095, 9063525.065002374]', 'no selection ----- in the middle of a block']"
48,1495439133.54012,22/05/2017 15:45:33,26,2,0.3375531906,120000000,"[0.4771398528892288, 1.0]","[0.382757534588241, 0.617242465411759]",1,Cellular,0,9005748,9003006.93977592,4.8016037012,0,15.0045669079,0,"['; gamma used= 0.33755319058958183', 'flipped coin and will select greedily...', 'averageBytePerNet:[9030135.523584947, 10249898.306992222], numNetworkHighestAverageByte: 1', 'choosing greedily']"
49,1495439148.54469,22/05/2017 15:45:48,26,2,0.3375531906,120000000,"[0.4653553409984701, 1.0]","[0.37838111252086437, 0.6216188874791355]",1,Cellular,0,10864164,10860581.0103161,5.7923098722,0,15.004948616,0,"['; gamma used= 0.33333333333333337', 'no selection ----- in the middle of a block']"
50,1495439163.54964,22/05/2017 15:46:03,27,2,0.3333333333,120000000,"[0.4515260227284212, 1.0]","[0.37404658529864154, 0.6259534147013583]",1,Cellular,0,6292960,6290419.61854191,3.3548904632,0,15.0060577393,0,"['; gamma used= 0.33333333333333337', 'flipped coin and will select greedily...', 'averageBytePerNet:[9030135.523584947, 10159011.355007585], numNetworkHighestAverageByte: 1', 'choosing greedily']"
51,1495439178.5557,22/05/2017 15:46:18,27,2,0.3333333333,120000000,"[0.44379829238434626, 1.0]","[0.370814676921722, 0.629185323078278]",1,Cellular,0,6047284,6046174.02942976,3.224626149,0,15.0027537346,0,"['; gamma used= 0.32931687800417475', 'no selection ----- in the middle of a block']"
