"time slot","timestamp","date time","block index","block length","gamma","max gain","weight","probability","selection type","network selected","delay","#bytes","#bytes w/o delay","bit rate (Mbps)","selection duration","connect and download duration","#bytes downloaded during selection by previous network","#bytes per network","#time network selected","gain prev block","log"
1,1498483500.0000687,"26/06/2017 21:25:00",1,1,1.0,41250000.0,"[1, 1, 1]","[0.3333333333333333, 0.3333333333333333, 0.3333333333333333]",2,3,3.830014705657959,5489424,7371738.963971006,3.931713288077608,0.0008842945098876953,14.999545335769653,0,"[0, 0, 7371738.963971006]","[0, 0, 1]","[]","['exploring after a reset', 'prob current block:0.3333333333333333']"
2,1498483515.0004983,"26/06/2017 21:25:15",2,1,0.7937005259840998,41250000.0,"[0.8677589700946262, 0.8677589700946262, 1.0]","[0.33000900798199945, 0.33000900798199945, 0.33998198403600116]",2,2,3.2526774406433105,1587008,2026454.7816809264,1.0808247413405079,0.0047397613525390625,14.999321937561035,0,"[0, 2026454.7816809264, 7371738.963971006]","[0, 1, 1]","[7371738.963971006]","['; gamma used= 0.7937005259840998', 'exploring after a reset', 'prob current block:0.5']"
3,1498483530.00456,"26/06/2017 21:25:30",3,1,0.6933612743506348,41250000.0,"[0.8677589700946262, 0.8876895867853252, 1.0]","[0.32768855126743, 0.32990652005809473, 0.3424049286744752]",2,1,5.1872289180755615,573408,876562.5703717397,0.4675399141385241,0.008320808410644531,14.998720645904541,0,"[876562.5703717397, 2026454.7816809264, 7371738.963971006]","[1, 1, 1]","[2026454.7816809264]","['; gamma used= 0.6933612743506348', 'exploring after a reset', 'prob current block:1.0']"
4,1498483545.0116014,"26/06/2017 21:25:45",4,2,0.6299605249474366,41250000.0,"[0.8716397541894694, 0.8876895867853252, 1.0]","[0.3268779688827188, 0.329030329436517, 0.3440917016807642]",-1,2,3.050137758255005,2064848,2592046.2388098105,1.382752598325716,0.012619972229003906,14.996442556381226,0,"[876562.5703717397, 4618501.020490737, 7371738.963971006]","[1, 2, 1]","[876562.5703717397]","['; gamma used= 0.6299605249474366', 'current gain: 876562.5703717397, prev block gain: [2026454.7816809264]', ' ----- switch back']"
5,1498483560.020664,"26/06/2017 21:26:00",4,2,0.6299605249474366,41250000.0,"[0.8716397541894694, 0.8986299377607245, 1.0]","[0.32557224213717695, 0.32961741813568124, 0.34481033972714176]",-1,2,0,1983760,1983760.0,1.0576375657287367,0,15.005215883255005,0,"[876562.5703717397, 6602261.020490737, 7371738.963971006]","[1, 3, 1]","[876562.5703717397]","['; gamma used= 0.5848035476425733', 'no selection ----- in the middle of a block']"
6,1498483575.0258799,"26/06/2017 21:26:15",5,2,0.5848035476425733,41250000.0,"[0.8716397541894694, 0.9070938678455129, 1.0]","[0.3251743239730531, 0.33047185306858623, 0.3443538229583606]",0,2,0,2041680,2041680.0,1.0884617713890061,0,15.00598406791687,0,"[876562.5703717397, 8643941.020490736, 7371738.963971006]","[1, 4, 1]","[2592046.2388098105, 1983760.0]","['; gamma used= 0.5848035476425733', 'flipped coin but will not select greedily...', 'choosing randomly']"
7,1498483590.031864,"26/06/2017 21:26:30",5,2,0.5848035476425733,41250000.0,"[0.8716397541894694, 0.9323610066797547, 1.0]","[0.3232256399613208, 0.3329635329892244, 0.34381082704945487]",0,2,0,5941144,5941144.0,3.16725391594112,0,15.006422996520996,0,"[876562.5703717397, 14585085.020490736, 7371738.963971006]","[1, 5, 1]","[2592046.2388098105, 1983760.0]","['; gamma used= 0.5503212081491045', 'no selection ----- in the middle of a block']"
8,1498483605.038287,"26/06/2017 21:26:45",6,2,0.5503212081491045,41250000.0,"[0.8630421939953092, 1.0, 0.9901363376867144]","[0.3194612534282115, 0.3410466607396956, 0.33949208583209295]",1,3,4.588225603103638,2945232,4243361.464240602,2.2634100003495927,0.008844137191772461,14.99811863899231,2896,"[876562.5703717397, 14585085.020490736, 11615100.428211607]","[1, 5, 2]","[2041680.0, 5941144.0]","['; gamma used= 0.5503212081491045', 'flipped coin and will select greedily...', 'averageBytePerNet:[876562.5703717397, 2917017.004098147, 7371738.963971006], numNetworkHighestAverageByte: 1', 'choosing greedily']"
9,1498483620.0452497,"26/06/2017 21:27:00",7,2,0.5503212081491045,41250000.0,"[0.8409445225850548, 0.9743956071163138, 1.0]","[0.3168052618484968, 0.33942720629500056, 0.34376753185650266]",-1,2,3.3386833667755127,3008944,3870548.343798235,2.064536822802383,0.009031534194946289,14.99822449684143,0,"[876562.5703717397, 18455633.36428897, 11615100.428211607]","[1, 6, 2]","[4243361.464240602]","['; gamma used= 0.5227579585747102', 'current gain: 4243361.464240602, prev block gain: [2041680.0, 5941144.0]', ' ----- switch back']"
10,1498483635.0525057,"26/06/2017 21:27:15",7,2,0.5227579585747102,41250000.0,"[0.8409445225850548, 0.9897535451226175, 1.0]","[0.3152067974878355, 0.3414916606166801, 0.34330154189548434]",-1,2,0,4561200,4561200.0,2.431422212808167,0,15.00751280784607,0,"[876562.5703717397, 23016833.36428897, 11615100.428211607]","[1, 7, 2]","[4243361.464240602]","['; gamma used= 0.5', 'no selection ----- in the middle of a block']"
11,1498483650.0600185,"26/06/2017 21:27:30",8,2,0.5,41250000.0,"[0.8341355440901816, 1.0, 0.9919031775438141]","[0.31424701255943105, 0.34359276331650435, 0.3421602241240646]",0,3,5.126915216445923,1998240,3036317.1201209617,1.61980774215428,0.010734081268310547,14.995938301086426,4344,"[876562.5703717397, 23016833.36428897, 14651417.548332568]","[1, 7, 3]","[3870548.343798235, 4561200.0]","['; gamma used= 0.5', 'flipped coin but will not select greedily...', 'choosing randomly']"
12,1498483665.066691,"26/06/2017 21:27:45",9,2,0.5,41250000.0,"[0.8124478283629022, 0.9739997703239767, 1.0]","[0.31164833184329277, 0.3417532830514345, 0.34659838510527274]",-1,2,2.9444611072540283,9553208,11887143.372683268,6.341222485658492,0.01165628433227539,14.996658325195312,1448,"[876562.5703717397, 34903976.73697224, 14651417.548332568]","[1, 8, 3]","[3036317.1201209617]","['; gamma used= 0.4807498567691362', 'current gain: 3036317.1201209617, prev block gain: [3870548.343798235, 4561200.0]', ' ----- switch back']"
13,1498483680.0750055,"26/06/2017 21:28:00",9,2,0.4807498567691362,41250000.0,"[0.7977616479298639, 1.0, 0.9819235402934965]","[0.30850448588877777, 0.34749006053570386, 0.34400545357551837]",-1,2,0,11353072,11353072.0,6.0529145072967925,0,15.005098104476929,0,"[876562.5703717397, 46257048.73697224, 14651417.548332568]","[1, 9, 3]","[3036317.1201209617]","['; gamma used= 0.4641588833612779', 'no selection ----- in the middle of a block']"
14,1498483695.0801036,"26/06/2017 21:28:15",10,2,0.4641588833612779,41250000.0,"[0.7645038058879292, 1.0, 0.9409881831162241]","[0.3061348138924217, 0.3527764391975586, 0.3410887469100196]",0,3,4.530961990356445,3305088,4735942.823075234,2.526359437347953,0.007264137268066406,14.996893167495728,4344,"[876562.5703717397, 46257048.73697224, 19387360.371407803]","[1, 9, 4]","[11887143.372683268, 11353072.0]","['; gamma used= 0.4641588833612779', 'flipped coin but will not select greedily...', 'choosing randomly']"
15,1498483710.084261,"26/06/2017 21:28:30",11,2,0.4641588833612779,41250000.0,"[0.7645038058879292, 1.0, 0.9896791395735295]","[0.30264871044365427, 0.34970682976891, 0.3476444597874358]",-1,2,3.3917012214660645,2124216,2744996.519193968,1.4642339726507752,0.00990915298461914,14.997584104537964,1448,"[876562.5703717397, 49002045.25616621, 19387360.371407803]","[1, 10, 4]","[4735942.823075234]","['; gamma used= 0.4496443130226092', 'current gain: 4735942.823075234, prev block gain: [11887143.372683268, 11353072.0]', ' ----- switch back']"
16,1498483725.0917542,"26/06/2017 21:28:45",11,2,0.4496443130226092,41250000.0,"[0.7571324570321825, 1.0, 0.9801366492198305]","[0.3013813522994062, 0.35135282646970273, 0.3472658212308911]",-1,2,0,2355960,2355960.0,1.2559031776381369,0,15.007271528244019,0,"[876562.5703717397, 51358005.25616621, 19387360.371407803]","[1, 11, 4]","[4735942.823075234]","['; gamma used= 0.43679023236814946', 'no selection ----- in the middle of a block']"
17,1498483740.0990257,"26/06/2017 21:29:00",12,2,0.43679023236814946,41250000.0,"[0.750862522294979, 1.0, 0.9720199811691191]","[0.30090756130531926, 0.3524399578549746, 0.3466524808397061]",1,3,5.100063800811768,5401952,8185321.185964194,4.366014692633721,0.007896184921264648,14.998247623443604,5920,"[876562.5703717397, 51358005.25616621, 27572681.557371996]","[1, 11, 5]","[2744996.519193968, 2355960.0]","['; gamma used= 0.43679023236814946', 'flipped coin and will select greedily...', 'averageBytePerNet:[876562.5703717397, 4668909.568742383, 4846840.092851951], numNetworkHighestAverageByte: 1', 'choosing greedily']"
18,1498483755.1051695,"26/06/2017 21:29:15",12,2,0.43679023236814946,41250000.0,"[0.7302162132318378, 0.9725032100416511, 1.0]","[0.29703754326293136, 0.3485577525094995, 0.3544047042275691]",1,3,0,3716292,3716292.0,1.9814135633967147,0,15.004609107971191,0,"[876562.5703717397, 51358005.25616621, 31288973.557371996]","[1, 11, 6]","[2744996.519193968, 2355960.0]","['; gamma used= 0.42529037028299016', 'current gain: 8185321.185964194, prev block gain: [2744996.519193968, 2355960.0]', 'no selection ----- in the middle of a block']"
19,1498483770.1097786,"26/06/2017 21:29:30",13,2,0.42529037028299016,41250000.0,"[0.7118001520756924, 0.9479766680857981, 1.0]","[0.2955652339368332, 0.3465969284140338, 0.35783783764913296]",0,3,0,3017520,3017520.0,1.6085743640761785,0,15.007176876068115,0,"[876562.5703717397, 51358005.25616621, 34306493.557372]","[1, 11, 7]","[8185321.185964194, 3716292.0]","['; gamma used= 0.42529037028299016', 'flipped coin but will not select greedily...', 'choosing randomly']"
20,1498483785.1169555,"26/06/2017 21:29:45",13,2,0.42529037028299016,41250000.0,"[0.6919570717821016, 0.9215496195857061, 1.0]","[0.2932131140866966, 0.3446120847616124, 0.3621748011516911]",0,3,0,1575016,1575016.0,0.8396189148695054,0,15.00696063041687,0,"[876562.5703717397, 51358005.25616621, 35881509.557372]","[1, 11, 8]","[8185321.185964194, 3716292.0]","['; gamma used= 0.41491326668312173', 'no selection ----- in the middle of a block']"
21,1498483800.1239161,"26/06/2017 21:30:00",14,2,0.41491326668312173,41250000.0,"[0.6818205401452235, 0.9080497692990036, 1.0]","[0.2923369045057582, 0.3434451473330932, 0.36421794816114866]",1,2,3.28132963180542,3864712,4947005.040943138,2.638669472161868,0.007993459701538086,14.998483419418335,0,"[876562.5703717397, 56305010.29710935, 35881509.557372]","[1, 12, 8]","[3017520.0, 1575016.0]","['; gamma used= 0.41491326668312173', 'flipped coin and will select greedily...', 'averageBytePerNet:[876562.5703717397, 4668909.568742383, 4485188.6946715], numNetworkHighestAverageByte: 1', 'choosing greedily']"
22,1498483815.130393,"26/06/2017 21:30:15",14,2,0.41491326668312173,41250000.0,"[0.6818205401452235, 0.9379700071142908, 1.0]","[0.2898883898021555, 0.3480174441206699, 0.36209416607717465]",1,2,0,3156640,3156640.0,1.6828098950241512,0,15.006519794464111,0,"[876562.5703717397, 59461650.29710935, 35881509.557372]","[1, 13, 8]","[3017520.0, 1575016.0]","['; gamma used= 0.4054801330382267', 'current gain: 4947005.040943138, prev block gain: [3017520.0, 1575016.0]', 'no selection ----- in the middle of a block']"
23,1498483830.1369128,"26/06/2017 21:30:30",15,2,0.4054801330382267,41250000.0,"[0.6818205401452235, 0.9575750617306185, 1.0]","[0.2887390896892036, 0.3508523785688781, 0.3604085317419183]",0,3,4.488096714019775,3375344,4817077.797204797,2.569880087835281,0.010418891906738281,14.995494365692139,1448,"[876562.5703717397, 59461650.29710935, 40698587.3545768]","[1, 13, 9]","[4947005.040943138, 3156640.0]","['; gamma used= 0.4054801330382267', 'flipped coin but will not select greedily...', 'choosing randomly']"
24,1498483845.142826,"26/06/2017 21:30:45",15,2,0.4054801330382267,41250000.0,"[0.6532139514593649, 0.9173988653359939, 1.0]","[0.2855487515280676, 0.3475351620388504, 0.366916086433082]",0,3,0,4669800,4669800.0,2.4898916445335884,0,15.004026412963867,0,"[876562.5703717397, 59461650.29710935, 45368387.3545768]","[1, 13, 10]","[4947005.040943138, 3156640.0]","['; gamma used= 0.3968502629920499', 'current gain: 4817077.797204797, prev block gain: [4947005.040943138, 3156640.0]', 'no selection ----- in the middle of a block']"
25,1498483860.1468525,"26/06/2017 21:31:00",16,2,0.3968502629920499,41250000.0,"[0.6266282193288478, 0.880060837824222, 1.0]","[0.283060257323115, 0.3440402248059295, 0.3728995178709556]",1,2,3.056631326675415,1678232,2107770.4105167673,1.1242138540377002,0.004548549652099609,14.999070882797241,0,"[876562.5703717397, 61569420.70762612, 45368387.3545768]","[1, 14, 10]","[4817077.797204797, 4669800.0]","['; gamma used= 0.3968502629920499', 'flipped coin and will select greedily...', 'averageBytePerNet:[876562.5703717397, 4573973.099777643, 4536838.735457679], numNetworkHighestAverageByte: 1', 'choosing greedily']"
26,1498483875.150472,"26/06/2017 21:31:15",17,2,0.3968502629920499,41250000.0,"[0.6266282193288478, 0.8917976767169892, 1.0]","[0.28168659486582837, 0.3460292095585877, 0.372284195575584]",-1,3,5.078569650650024,4623464,6990540.766248906,3.72872982603822,0.00921773910522461,14.998224258422852,0,"[876562.5703717397, 61569420.70762612, 52358928.1208257]","[1, 14, 11]","[2107770.4105167673]","['; gamma used= 0.3889111187328203', 'current gain: 2107770.4105167673, prev block gain: [4817077.797204797, 4669800.0]', ' ----- switch back']"
27,1498483890.157914,"26/06/2017 21:31:30",17,2,0.3889111187328203,41250000.0,"[0.6132659809405285, 0.8727809571010025, 1.0]","[0.2797464056848634, 0.3443033041283467, 0.3759502901867898]",-1,3,0,6433464,6433464.0,3.429191947420098,0,15.008699655532837,0,"[876562.5703717397, 61569420.70762612, 58792392.1208257]","[1, 14, 12]","[2107770.4105167673]","['; gamma used= 0.38157141418444396', 'no selection ----- in the middle of a block']"
28,1498483905.1666136,"26/06/2017 21:31:45",18,3,0.38157141418444396,41250000.0,"[0.6012205054271468, 0.8556382132116663, 1.0]","[0.27852678720080504, 0.34256758125948306, 0.37890563153971196]",0,3,0,6443600,6443600.0,3.4357397807865073,0,15.003697395324707,0,"[876562.5703717397, 61569420.70762612, 65235992.1208257]","[1, 14, 13]","[6990540.766248906, 6433464.0]","['; gamma used= 0.38157141418444396', 'flipped coin but will not select greedily...', 'choosing randomly']"
29,1498483920.170311,"26/06/2017 21:32:00",18,3,0.38157141418444396,41250000.0,"[0.571041845190315, 0.8126888881486114, 1.0]","[0.2747009059011942, 0.338084038439985, 0.3872150556588208]",0,3,0,5386560,5386560.0,2.871486638741014,0,15.007027864456177,0,"[876562.5703717397, 61569420.70762612, 70622552.12082571]","[1, 14, 14]","[6990540.766248906, 6433464.0]","['; gamma used= 0.3747561767843155', 'no selection ----- in the middle of a block']"
30,1498483935.1773388,"26/06/2017 21:32:15",18,3,0.38157141418444396,41250000.0,"[0.5469795482117333, 0.7784441799148253, 1.0]","[0.2719867974511708, 0.3342214042089871, 0.393791798339842]",0,3,0,3724256,3724256.0,1.9854080076931937,0,15.006511449813843,0,"[876562.5703717397, 61569420.70762612, 74346808.12082571]","[1, 14, 15]","[6990540.766248906, 6433464.0]","['; gamma used= 0.3747561767843155', 'no selection ----- in the middle of a block']"
31,1498483950.1838503,"26/06/2017 21:32:30",19,3,0.3747561767843155,41250000.0,"[0.53093839085599, 0.7556149066385189, 1.0]","[0.2701005369063797, 0.3315369372162154, 0.3983625258774049]",0,2,3.216068744659424,1414696,1800954.0213769083,0.9608203108676081,0.011916875839233398,14.995136976242065,0,"[876562.5703717397, 63370374.72900303, 74346808.12082571]","[1, 15, 15]","[6443600.0, 5386560.0, 3724256.0]","['; gamma used= 0.3747561767843155', 'flipped coin but will not select greedily...', 'choosing randomly']"
32,1498483965.1909041,"26/06/2017 21:32:45",20,3,0.3747561767843155,41250000.0,"[0.53093839085599, 0.7679336289489245, 1.0]","[0.26867216082641765, 0.33378472237276335, 0.397543116800819]",-1,3,4.448776483535767,5835952,8297829.644401107,4.4270646610584015,0.014854192733764648,14.99472951889038,5792,"[876562.5703717397, 63370374.72900303, 82644637.76522681]","[1, 15, 16]","[1800954.0213769083]","['; gamma used= 0.36840314986403866', 'current gain: 1800954.0213769083, prev block gain: [6443600.0, 5386560.0, 3724256.0]', ' ----- switch back']"
33,1498483980.2004879,"26/06/2017 21:33:00",20,3,0.36840314986403866,41250000.0,"[0.5181899582690483, 0.7494946720595626, 1.0]","[0.26650465611633556, 0.33153397125947603, 0.40196137262418846]",-1,3,0,6180064,6180064.0,3.2948418756088875,0,15.005427837371826,0,"[876562.5703717397, 63370374.72900303, 88824701.76522681]","[1, 15, 17]","[1800954.0213769083]","['; gamma used= 0.3624601243342974', 'no selection ----- in the middle of a block']"
34,1498483995.2059157,"26/06/2017 21:33:15",20,3,0.36840314986403866,41250000.0,"[0.508894468213678, 0.7360499494062042, 1.0]","[0.26534055315342003, 0.3298502470681614, 0.4048091997784186]",-1,3,0,6199824,6199824.0,3.304802539659801,0,15.008034944534302,0,"[876562.5703717397, 63370374.72900303, 95024525.76522681]","[1, 15, 18]","[1800954.0213769083]","['; gamma used= 0.3624601243342974', 'no selection ----- in the middle of a block']"
35,1498484010.2139506,"26/06/2017 21:33:30",21,3,0.3624601243342974,41250000.0,"[0.49973680038672863, 0.7228045687590822, 1.0]","[0.2641704159336687, 0.3281577951057349, 0.4076717889605964]",0,3,0,7859744,7859744.0,4.189949455865962,0,15.006852149963379,0,"[876562.5703717397, 63370374.72900303, 102884269.76522681]","[1, 15, 19]","[8297829.644401107, 6180064.0, 6199824.0]","['; gamma used= 0.3624601243342974', 'flipped coin but will not select greedily...', 'choosing randomly']"
36,1498484025.2208028,"26/06/2017 21:33:45",21,3,0.3624601243342974,41250000.0,"[0.47270953574176366, 0.6837131303232421, 1.0]","[0.25993870604138763, 0.3228670067481819, 0.41719428721043034]",0,3,0,6494280,6494280.0,3.462423859013336,0,15.005164623260498,0,"[876562.5703717397, 63370374.72900303, 109378549.76522681]","[1, 15, 20]","[8297829.644401107, 6180064.0, 6199824.0]","['; gamma used= 0.3568829277518041', 'no selection ----- in the middle of a block']"
37,1498484040.2259674,"26/06/2017 21:34:00",21,3,0.3624601243342974,41250000.0,"[0.4514840568283274, 0.6530132236506521, 1.0]","[0.25693079297879795, 0.3185164500103401, 0.42455275701086187]",0,3,0,5528464,5528464.0,2.947623117065551,0,15.004534244537354,0,"[876562.5703717397, 63370374.72900303, 114907013.76522681]","[1, 15, 21]","[8297829.644401107, 6180064.0, 6199824.0]","['; gamma used= 0.3568829277518041', 'no selection ----- in the middle of a block']"
38,1498484055.2305017,"26/06/2017 21:34:15",22,3,0.3568829277518041,41250000.0,"[0.4341678756282075, 0.6279676098891261, 1.0]","[0.2543646751403493, 0.3148048928543142, 0.43083043200533655]",0,2,3.099587917327881,2313092,2915742.401761801,1.555433606881108,0.007563352584838867,14.996422290802002,2896,"[876562.5703717397, 66286117.13076483, 114907013.76522681]","[1, 16, 21]","[7859744.0, 6494280.0, 5528464.0]","['; gamma used= 0.3568829277518041', 'flipped coin but will not select greedily...', 'choosing randomly']"
39,1498484070.2344873,"26/06/2017 21:34:30",23,3,0.3568829277518041,41250000.0,"[0.4341678756282075, 0.6447138708654572, 1.0]","[0.2526205070678578, 0.31828604518103876, 0.42909344775110353]",-1,3,4.394093751907349,3647576,5159125.525940611,2.7519659093017594,0.012096643447875977,14.99764370918274,9524,"[876562.5703717397, 66286117.13076483, 120066139.29116742]","[1, 16, 22]","[2915742.401761801]","['; gamma used= 0.35163388691695935', 'current gain: 2915742.401761801, prev block gain: [7859744.0, 6494280.0, 5528464.0]', ' ----- switch back']"
40,1498484085.2442276,"26/06/2017 21:34:45",23,3,0.35163388691695935,41250000.0,"[0.42793794095198767, 0.6354627826900987, 1.0]","[0.2510550485173387, 0.31676210959431894, 0.4321828418883424]",-1,3,0,5781800,5781800.0,3.0821289712697717,0,15.007288932800293,0,"[876562.5703717397, 66286117.13076483, 125847939.29116742]","[1, 16, 23]","[2915742.401761801]","['; gamma used= 0.3466806371753174', 'no selection ----- in the middle of a block']"
41,1498484100.2515166,"26/06/2017 21:35:00",23,3,0.35163388691695935,41250000.0,"[0.4210622595360013, 0.6252527984204789, 1.0]","[0.24999118676201137, 0.3151823371863526, 0.434826476051636]",-1,3,0,4914512,4914512.0,2.6204520507988387,0,15.003554821014404,0,"[876562.5703717397, 66286117.13076483, 130762451.29116742]","[1, 16, 24]","[2915742.401761801]","['; gamma used= 0.3466806371753174', 'no selection ----- in the middle of a block']"
42,1498484115.2550714,"26/06/2017 21:35:15",24,2,0.3466806371753174,41250000.0,"[0.41530487968323704, 0.6167034264856076, 1.0]","[0.24908659540355954, 0.3138390719910291, 0.4370743326054113]",0,1,4.177568435668945,873144,1210252.5130098772,0.6455592878030671,0.0064542293548583984,14.997879028320312,1480,"[2086815.083381617, 66286117.13076483, 130762451.29116742]","[2, 16, 24]","[5159125.525940611, 5781800.0, 4914512.0]","['; gamma used= 0.3466806371753174', 'flipped coin but will not select greedily...', 'choosing randomly']"
43,1498484130.2594047,"26/06/2017 21:35:30",25,4,0.3466806371753174,41250000.0,"[0.4209190618783621, 0.6167034264856076, 1.0]","[0.24992483483007522, 0.3131490358291171, 0.4369261293408077]",-1,3,4.281509160995483,3964624,5548521.673199081,2.95951285145598,0.009010076522827148,14.998472929000854,0,"[2086815.083381617, 66286117.13076483, 136310972.9643665]","[2, 16, 25]","[1210252.5130098772]","['; gamma used= 0.3419951893353394', 'current gain: 1210252.5130098772, prev block gain: [5159125.525940611, 5781800.0, 4914512.0]', ' ----- switch back']"
44,1498484145.2668877,"26/06/2017 21:35:45",25,4,0.3419951893353394,41250000.0,"[0.41459653661587587, 0.6074400707800781, 1.0]","[0.24834521812094107, 0.3115233937559626, 0.44013138812309627]",-1,3,0,5396696,5396696.0,2.8765140036372956,0,15.008989334106445,0,"[2086815.083381617, 66286117.13076483, 141707668.9643665]","[2, 16, 26]","[1210252.5130098772]","['; gamma used= 0.33755319058958183', 'no selection ----- in the middle of a block']"
45,1498484160.275877,"26/06/2017 21:36:00",25,4,0.3419951893353394,41250000.0,"[0.40853813552834595, 0.5985636927585393, 1.0]","[0.24735632213494813, 0.3100745272202486, 0.44256915064480323]",-1,3,0,6686864,6686864.0,3.5652913347003357,0,15.004359245300293,0,"[2086815.083381617, 66286117.13076483, 148394532.9643665]","[2, 16, 27]","[1210252.5130098772]","['; gamma used= 0.33755319058958183', 'no selection ----- in the middle of a block']"
46,1498484175.2802362,"26/06/2017 21:36:15",25,4,0.3419951893353394,41250000.0,"[0.40115403831067475, 0.587744990380654, 1.0]","[0.24613095486377795, 0.30827919822882277, 0.4455898469073992]",-1,3,0,5515432,5515432.0,2.940405322842471,0,15.005909442901611,0,"[2086815.083381617, 66286117.13076483, 153909964.9643665]","[2, 16, 28]","[1210252.5130098772]","['; gamma used= 0.33755319058958183', 'no selection ----- in the middle of a block']"
47,1498484190.2861457,"26/06/2017 21:36:30",26,4,0.33755319058958183,41250000.0,"[0.39516406419222355, 0.5789688671351915, 1.0]","[0.24512033732783808, 0.30679850668090547, 0.4480811559912564]",1,3,0,4640840,4640840.0,2.474497601350346,0,15.003740549087524,0,"[2086815.083381617, 66286117.13076483, 158550804.9643665]","[2, 16, 29]","[5548521.673199081, 5396696.0, 6686864.0, 5515432.0]","['; gamma used= 0.33755319058958183', 'flipped coin and will select greedily...', 'averageBytePerNet:[1043407.5416908085, 4142882.3206728017, 5496784.463013089], numNetworkHighestAverageByte: 1', 'choosing greedily']"
48,1498484205.2898862,"26/06/2017 21:36:45",26,4,0.33755319058958183,41250000.0,"[0.3854069822865046, 0.5646734208398738, 1.0]","[0.2428687492982745, 0.3041538936666702, 0.45297735703505526]",1,3,0,4700208,4700208.0,2.5056707401378326,0,15.00662612915039,0,"[2086815.083381617, 66286117.13076483, 163251012.9643665]","[2, 16, 30]","[5548521.673199081, 5396696.0, 6686864.0, 5515432.0]","['; gamma used= 0.33333333333333337', 'no selection ----- in the middle of a block']"
49,1498484220.2965124,"26/06/2017 21:37:00",26,4,0.33755319058958183,41250000.0,"[0.3757706135756705, 0.550554835722036, 1.0]","[0.24115857659785522, 0.3016482590690727, 0.45719316433307206]",1,3,0,4329520,4329520.0,2.3084961232193026,0,15.003776550292969,0,"[2086815.083381617, 66286117.13076483, 167580532.9643665]","[2, 16, 31]","[5548521.673199081, 5396696.0, 6686864.0, 5515432.0]","['; gamma used= 0.33333333333333337', 'no selection ----- in the middle of a block']"
50,1498484235.300289,"26/06/2017 21:37:15",26,4,0.33755319058958183,41250000.0,"[0.3671075560871615, 0.5378622833506511, 1.0]","[0.2395847308283664, 0.299342361886673, 0.46107290728496064]",1,3,0,5179496,5179496.0,2.761744288056169,0,15.003549814224243,0,"[2086815.083381617, 66286117.13076483, 172760028.9643665]","[2, 16, 32]","[5548521.673199081, 5396696.0, 6686864.0, 5515432.0]","['; gamma used= 0.33333333333333337', 'no selection ----- in the middle of a block']"
51,1498484250.3038387,"26/06/2017 21:37:30",27,4,0.33333333333333337,41250000.0,"[0.3570057416564539, 0.5230617572225675, 1.0]","[0.2377043466799817, 0.29658734446778223, 0.4657083088522361]",0,3,0,3398456,3398456.0,1.8120956005409465,0,15.003429174423218,0,"[2086815.083381617, 66286117.13076483, 176158484.9643665]","[2, 16, 33]","[4640840.0, 4700208.0, 4329520.0, 5179496.0]","['; gamma used= 0.33333333333333337', 'flipped coin but will not select greedily...', 'choosing randomly']"
52,1498484265.307268,"26/06/2017 21:37:45",28,1,0.32931687800417475,41250000.0,"[0.3501397764766036, 0.513002188445499, 1.0]","[0.23581359432059618, 0.29443986809444456, 0.4697465375849593]",2,3,0,3531672,3531672.0,1.8826523027193969,0,15.007219314575195,0,"[0, 0, 3531672.0]","[0, 0, 1]","[3398456.0]","['; gamma used= 0.32931687800417475', 'ALGORITHM RESET DUE TO NETWORK QUALITY DROP', 'exploring after a reset', 'prob current block:0.3333333333333333']"
53,1498484280.3144872,"26/06/2017 21:38:00",29,1,0.32548726473766765,41250000.0,"[0.34051712696343456, 0.49890370381009347, 1.0]","[0.2333628515927587, 0.29144296104370526, 0.475194187363536]",2,2,2.938011884689331,1298856,1615249.4095688886,0.8615170312079099,0.004946470260620117,14.999117612838745,0,"[0, 1615249.4095688886, 3531672.0]","[0, 1, 1]","[3531672.0]","['; gamma used= 0.32548726473766765', 'exploring after a reset', 'prob current block:0.5']"
54,1498484295.3185513,"26/06/2017 21:38:15",30,1,0.3218297948685433,41250000.0,"[0.34051712696343456, 0.5031128399163489, 1.0]","[0.2325341467087329, 0.2923441790838269, 0.47512167420744]",2,1,4.113207817077637,1537776,2118871.5921187536,1.1302041967461047,0.009645938873291016,14.99815058708191,0,"[2118871.5921187536, 1615249.4095688886, 3531672.0]","[1, 1, 1]","[1615249.4095688886]","['; gamma used= 0.3218297948685433', 'exploring after a reset', 'prob current block:1.0']"
55,1498484310.3263478,"26/06/2017 21:38:30",31,2,0.31833136784577337,41250000.0,"[0.34237819363673244, 0.5031128399163489, 1.0]","[0.23257461681013097, 0.2919451390598497, 0.4754802441300193]",1,3,4.376310348510742,5093368,7191812.627691733,3.8360069749730306,0.006314516067504883,14.998539209365845,0,"[2118871.5921187536, 1615249.4095688886, 10723484.627691733]","[1, 1, 2]","[2118871.5921187536]","['; gamma used= 0.31833136784577337', 'current gain: 2118871.5921187536, prev block gain: [1615249.4095688886]', 'flipped coin and will select greedily...', 'averageBytePerNet:[2118871.5921187536, 1615249.4095688886, 3531672.0], numNetworkHighestAverageByte: 1', 'choosing greedily']"
56,1498484325.3312016,"26/06/2017 21:38:45",31,2,0.31833136784577337,41250000.0,"[0.33007020863235254, 0.48502668430162676, 1.0]","[0.22956231219493733, 0.2880430713787529, 0.48239461642630965]",1,3,0,2904944,2904944.0,1.5488124910273067,0,15.004755020141602,0,"[2118871.5921187536, 1615249.4095688886, 13628428.627691733]","[1, 1, 3]","[2118871.5921187536]","['; gamma used= 0.3149802624737183', 'current gain: 7191812.627691733, prev block gain: [2118871.5921187536]', 'no selection ----- in the middle of a block']"
57,1498484340.3359566,"26/06/2017 21:39:00",32,2,0.3149802624737183,41250000.0,"[0.32522508312957543, 0.4779069409979989, 1.0]","[0.22854821221050983, 0.286552886744898, 0.4848989010445921]",0,2,2.895092725753784,1407456,1744195.7516504647,0.9305118241082634,0.011618614196777344,14.99558162689209,1192,"[2118871.5921187536, 3359445.1612193533, 13628428.627691733]","[1, 2, 3]","[7191812.627691733, 2904944.0]","['; gamma used= 0.3149802624737183', 'flipped coin but will not select greedily...', 'choosing randomly']"
58,1498484355.3431568,"26/06/2017 21:39:15",33,2,0.3149802624737183,41250000.0,"[0.32522508312957543, 0.48529195607312037, 1.0]","[0.2275501913852572, 0.28839660665231553, 0.4840532019624273]",-1,3,4.3333070278167725,1611624,2266442.7783758235,1.2089035448858787,0.010083198547363281,14.998336553573608,0,"[2118871.5921187536, 3359445.1612193533, 15894871.406067556]","[1, 2, 4]","[1744195.7516504647]","['; gamma used= 0.311765953881872', 'current gain: 1744195.7516504647, prev block gain: [7191812.627691733, 2904944.0]', ' ----- switch back']"
59,1498484370.3515766,"26/06/2017 21:39:30",33,2,0.311765953881872,41250000.0,"[0.32339165631337546, 0.48255616682406016, 1.0]","[0.22668806710370656, 0.2876166131044825, 0.48569531979181085]",-1,3,0,2077880,2077880.0,1.1075963583879014,0,15.008211135864258,0,"[2118871.5921187536, 3359445.1612193533, 17972751.406067558]","[1, 2, 5]","[1744195.7516504647]","['; gamma used= 0.30867895949930413', 'no selection ----- in the middle of a block']"
60,1498484385.3597877,"26/06/2017 21:39:45",34,2,0.30867895949930413,41250000.0,"[0.3217198494538671, 0.48006154244509114, 1.0]","[0.2263328788608316, 0.28708661094259424, 0.48658051019657417]",0,2,4.435629844665527,1009256,1433207.6816024696,0.7646295050743813,0.011409759521484375,14.995054960250854,1448,"[2118871.5921187536, 4792652.842821823, 17972751.406067558]","[1, 3, 5]","[2266442.7783758235, 2077880.0]","['; gamma used= 0.30867895949930413', 'flipped coin but will not select greedily...', 'choosing randomly']"
61,1498484400.3662524,"26/06/2017 21:40:00",35,2,0.30867895949930413,41250000.0,"[0.3217198494538671, 0.4860187034041285, 1.0]","[0.22546493629780423, 0.2885663923600116, 0.4859686713421842]",-1,3,4.5969157218933105,1676784,2417859.121864432,1.2896910305925016,0.010328054428100586,14.998067378997803,0,"[2118871.5921187536, 4792652.842821823, 20390610.52793199]","[1, 3, 6]","[1433207.6816024696]","['; gamma used= 0.30571070873287987', 'current gain: 1433207.6816024696, prev block gain: [2266442.7783758235, 2077880.0]', ' ----- switch back']"
62,1498484415.3746479,"26/06/2017 21:40:15",35,2,0.30571070873287987,41250000.0,"[0.3198217810242211, 0.48315131191829125, 1.0]","[0.22461502890456955, 0.28776883987318913, 0.48761613122224134]",-1,3,0,3702536,3702536.0,1.9736165019133611,0,15.008127450942993,0,"[2118871.5921187536, 4792652.842821823, 24093146.52793199]","[1, 3, 7]","[1433207.6816024696]","['; gamma used= 0.30285343213869', 'no selection ----- in the middle of a block']"
63,1498484430.3827753,"26/06/2017 21:40:30",36,2,0.30285343213869,41250000.0,"[0.3169368961494931, 0.4787931474821658, 1.0]","[0.22399384200788267, 0.28683041953446303, 0.4891757384576543]",1,3,0,3977656,3977656.0,2.1204327319454594,0,15.006959438323975,0,"[2118871.5921187536, 4792652.842821823, 28070802.52793199]","[1, 3, 8]","[2417859.121864432, 3702536.0]","['; gamma used= 0.30285343213869', 'flipped coin and will select greedily...', 'averageBytePerNet:[2118871.5921187536, 1597550.9476072744, 3441878.0754188555], numNetworkHighestAverageByte: 1', 'choosing greedily']"
64,1498484445.3897347,"26/06/2017 21:40:45",36,2,0.30285343213869,41250000.0,"[0.3108811393726245, 0.4696447810950104, 1.0]","[0.22223640030483455, 0.2846441759916002, 0.4931194237035652]",1,3,0,5143296,5143296.0,2.7420453234711433,0,15.0057213306427,0,"[2118871.5921187536, 4792652.842821823, 33214098.52793199]","[1, 3, 9]","[2417859.121864432, 3702536.0]","['; gamma used= 0.30010006671856176', 'no selection ----- in the middle of a block']"
65,1498484460.395456,"26/06/2017 21:41:00",37,2,0.30010006671856176,41250000.0,"[0.303221978604869, 0.4580741696085653, 1.0]","[0.22052702883176803, 0.2820618469609666, 0.4974111242072654]",1,3,0,4850960,4850960.0,2.5866129092292165,0,15.003280878067017,0,"[2118871.5921187536, 4792652.842821823, 38065058.52793199]","[1, 3, 10]","[3977656.0, 5143296.0]","['; gamma used= 0.30010006671856176', 'flipped coin and will select greedily...', 'averageBytePerNet:[2118871.5921187536, 1597550.9476072744, 3690455.3919924432], numNetworkHighestAverageByte: 1', 'choosing greedily']"
66,1498484475.398737,"26/06/2017 21:41:15",37,2,0.30010006671856176,41250000.0,"[0.29623282288322667, 0.4475157275121623, 1.0]","[0.21850018345482256, 0.27945202533703006, 0.5020477912081475]",1,3,0,4280128,4280128.0,2.2819586666093388,0,15.005102634429932,0,"[2118871.5921187536, 4792652.842821823, 42345186.52793199]","[1, 3, 11]","[3977656.0, 5143296.0]","['; gamma used= 0.29744417462950146', 'no selection ----- in the middle of a block']"
67,1498484490.4038396,"26/06/2017 21:41:30",38,2,0.29744417462950146,41250000.0,"[0.2902000083719122, 0.43840201975790355, 1.0]","[0.21709406491725108, 0.2773278172422448, 0.5055781178405041]",1,3,0,3690952,3690952.0,1.967468812471645,0,15.007920742034912,0,"[2118871.5921187536, 4792652.842821823, 46036138.52793199]","[1, 3, 12]","[4850960.0, 4280128.0]","['; gamma used= 0.29744417462950146', 'flipped coin and will select greedily...', 'averageBytePerNet:[2118871.5921187536, 1597550.9476072744, 3849562.4116301807], numNetworkHighestAverageByte: 1', 'choosing greedily']"
68,1498484505.4117603,"26/06/2017 21:41:45",38,2,0.29744417462950146,41250000.0,"[0.28513999465398726, 0.4307579116602289, 1.0]","[0.21546689936821967, 0.2753061961814412, 0.509226904450339]",1,3,0,6513104,6513104.0,3.4715753761922787,0,15.008987665176392,0,"[2118871.5921187536, 4792652.842821823, 52549242.52793199]","[1, 3, 13]","[4850960.0, 4280128.0]","['; gamma used= 0.29487987310846736', 'no selection ----- in the middle of a block']"
69,1498484520.420748,"26/06/2017 21:42:00",39,2,0.29487987310846736,41250000.0,"[0.2764252771863234, 0.41759268206262323, 1.0]","[0.21335288970302196, 0.2721125846022759, 0.5145345256947021]",0,3,0,2930752,2930752.0,1.5627131366749578,0,15.003403663635254,0,"[2118871.5921187536, 4792652.842821823, 55479994.52793199]","[1, 3, 14]","[3690952.0, 6513104.0]","['; gamma used= 0.29487987310846736', 'flipped coin but will not select greedily...', 'choosing randomly']"
70,1498484535.4241517,"26/06/2017 21:42:15",39,2,0.29487987310846736,41250000.0,"[0.27272990759299093, 0.41201012711178847, 1.0]","[0.2120150189381674, 0.2705133238654037, 0.5174716571964288]",0,3,0,3683712,3683712.0,1.9638453115702925,0,15.006118774414062,0,"[2118871.5921187536, 4792652.842821823, 59163706.52793199]","[1, 3, 15]","[3690952.0, 6513104.0]","['; gamma used= 0.2924017738212866', 'no selection ----- in the middle of a block']"
71,1498484550.4302704,"26/06/2017 21:42:30",40,3,0.2924017738212866,41250000.0,"[0.2681551240148081, 0.40509905094786114, 1.0]","[0.21086670013685693, 0.26877857104907954, 0.5203547288140635]",0,3,0,3609864,3609864.0,1.9247746085988386,0,15.003788948059082,0,"[2118871.5921187536, 4792652.842821823, 62773570.52793199]","[1, 3, 16]","[2930752.0, 3683712.0]","['; gamma used= 0.2924017738212866', 'flipped coin but will not select greedily...', 'choosing randomly']"
72,1498484565.4340594,"26/06/2017 21:42:45",40,3,0.2924017738212866,41250000.0,"[0.26383086063313654, 0.39856643294028204, 1.0]","[0.2093481195354175, 0.266892481788009, 0.5237593986765735]",0,3,0,2626672,2626672.0,1.4003234092771453,0,15.00608777999878,0,"[2118871.5921187536, 4792652.842821823, 65400242.52793199]","[1, 3, 17]","[2930752.0, 3683712.0]","['; gamma used= 0.2900049301676267', 'no selection ----- in the middle of a block']"
73,1498484580.4401472,"26/06/2017 21:43:00",40,3,0.2924017738212866,41250000.0,"[0.26072825987113946, 0.39387936746363755, 1.0]","[0.20854726916152483, 0.26568264577384715, 0.5257700850646281]",0,3,0,2066296,2066296.0,1.1015498209568086,0,15.00646424293518,0,"[2118871.5921187536, 4792652.842821823, 67466538.52793199]","[1, 3, 18]","[2930752.0, 3683712.0]","['; gamma used= 0.2900049301676267', 'no selection ----- in the middle of a block']"
74,1498484595.4466114,"26/06/2017 21:43:15",41,3,0.2900049301676267,41250000.0,"[0.258313231986743, 0.3902310109104075, 1.0]","[0.20791865833936757, 0.2647330101910589, 0.5273483314695735]",1,3,0,2930752,2930752.0,1.5623930052901946,0,15.00647783279419,0,"[2118871.5921187536, 4792652.842821823, 70397290.52793199]","[1, 3, 19]","[3609864.0, 2626672.0, 2066296.0]","['; gamma used= 0.2900049301676267', 'flipped coin and will select greedily...', 'averageBytePerNet:[2118871.5921187536, 1597550.9476072744, 3748141.029329555], numNetworkHighestAverageByte: 1', 'choosing greedily']"
75,1498484610.4530892,"26/06/2017 21:43:30",41,3,0.2900049301676267,41250000.0,"[0.25481722862230516, 0.38494963636928153, 1.0]","[0.20658760953978414, 0.26311716575763167, 0.5302952247025842]",1,3,0,3549048,3549048.0,1.8923457051119954,0,15.003803968429565,0,"[2118871.5921187536, 4792652.842821823, 73946338.52793199]","[1, 3, 20]","[3609864.0, 2626672.0, 2066296.0]","['; gamma used= 0.28768479133239405', 'no selection ----- in the middle of a block']"
76,1498484625.4568932,"26/06/2017 21:43:45",41,3,0.2900049301676267,41250000.0,"[0.2506469592762411, 0.3786496554888333, 1.0]","[0.2054757394145716, 0.2614374755628024, 0.5330867850226259]",1,3,0,3405696,3405696.0,1.8159269348349734,0,15.003669738769531,0,"[2118871.5921187536, 4792652.842821823, 77352034.52793199]","[1, 3, 21]","[3609864.0, 2626672.0, 2066296.0]","['; gamma used= 0.28768479133239405', 'no selection ----- in the middle of a block']"
77,1498484640.460563,"26/06/2017 21:44:00",42,3,0.28768479133239405,41250000.0,"[0.24670931840129676, 0.37270110392833666, 1.0]","[0.20441269542458387, 0.2598315464833489, 0.5357557580920672]",1,3,0,2774400,2774400.0,1.4790599259725021,0,15.006288528442383,0,"[2118871.5921187536, 4792652.842821823, 80126434.52793199]","[1, 3, 22]","[2930752.0, 3549048.0, 3405696.0]","['; gamma used= 0.28768479133239405', 'flipped coin and will select greedily...', 'averageBytePerNet:[2118871.5921187536, 1597550.9476072744, 3683430.215615809], numNetworkHighestAverageByte: 1', 'choosing greedily']"
78,1498484655.4668515,"26/06/2017 21:44:15",42,3,0.28768479133239405,41250000.0,"[0.2435718908691102, 0.3679614260259436, 1.0]","[0.20314685213308903, 0.2583018640196779, 0.5385512838472329]",1,3,0,4210752,4210752.0,2.2446473715583064,0,15.007264137268066,0,"[2118871.5921187536, 4792652.842821823, 84337186.52793199]","[1, 3, 23]","[2930752.0, 3549048.0, 3405696.0]","['; gamma used= 0.28543716208189446', 'no selection ----- in the middle of a block']"
79,1498484670.4741156,"26/06/2017 21:44:30",42,3,0.28768479133239405,41250000.0,"[0.23888622910633167, 0.3608828473855465, 1.0]","[0.20184813438488336, 0.25633990513792937, 0.5418119604771872]",1,3,0,3127680,3127680.0,1.6676726046124541,0,15.00380825996399,0,"[2118871.5921187536, 4792652.842821823, 87464866.52793199]","[1, 3, 24]","[2930752.0, 3549048.0, 3405696.0]","['; gamma used= 0.28543716208189446', 'no selection ----- in the middle of a block']"
80,1498484685.4779239,"26/06/2017 21:44:45",43,1,0.28543716208189446,41250000.0,"[0.23546423375854764, 0.3557132759562168, 1.0]","[0.2008875314444708, 0.2548887326461542, 0.544223735909375]",2,1,4.6580095291137695,1291064,1872703.813605055,0.9989499763272788,0.00896906852722168,14.99737811088562,0,"[1872703.813605055, 0, 0]","[1, 0, 0]","[2774400.0, 4210752.0, 3127680.0]","['; gamma used= 0.28543716208189446', 'ALGORITHM RESET DUE TO NETWORK QUALITY DROP', 'exploring after a reset', 'prob current block:0.3333333333333333']"
81,1498484700.484271,"26/06/2017 21:45:00",44,1,0.2832581674713524,41250000.0,"[0.23851176349284994, 0.3557132759562168, 1.0]","[0.201651024726323, 0.25434322610283167, 0.5440057491708453]",2,3,4.333509922027588,1710088,2404922.847169617,1.2827197531270704,0.008820772171020508,14.998898029327393,0,"[1872703.813605055, 0, 2404922.847169617]","[1, 0, 1]","[1872703.813605055]","['; gamma used= 0.2832581674713524', 'exploring after a reset', 'prob current block:0.5']"
82,1498484715.4919899,"26/06/2017 21:45:15",45,1,0.2811442217672498,41250000.0,"[0.23591964877865373, 0.35184743050214684, 1.0]","[0.2005265046924146, 0.25301238680768423, 0.5464611084999013]",2,2,2.9634816646575928,2008376,2502904.8060813206,1.3349940699254086,0.009393453598022461,14.998747110366821,4408,"[1872703.813605055, 2502904.8060813206, 2404922.847169617]","[1, 1, 1]","[2404922.847169617]","['; gamma used= 0.2811442217672498', 'exploring after a reset', 'prob current block:1.0']"
83,1498484730.5001304,"26/06/2017 21:45:30",46,2,0.27909200099982406,41250000.0,"[0.23591964877865373, 0.35383914562722485, 1.0]","[0.20001316178110978, 0.2534861218397962, 0.5465007163790939]",0,1,4.344146251678467,864456,1253579.3561016216,0.7165934727934621,0.01303863525390625,13.994873285293579,0,"[3126283.1697066766, 2502904.8060813206, 2404922.847169617]","[2, 1, 1]","[2502904.8060813206]","['; gamma used= 0.27909200099982406', 'current gain: 2502904.8060813206, prev block gain: [2404922.847169617]', 'flipped coin but will not select greedily...', 'choosing randomly']"
84,1498484744.5080423,"26/06/2017 21:45:44",47,2,0.27909200099982406,41250000.0,"[0.23925389157768848, 0.35383914562722485, 1.0]","[0.2009329416935649, 0.2529285624244132, 0.5461384958820218]",-1,2,3.2511825561523438,1472616,1880172.3691736187,1.0028507772407511,0.009380340576171875,14.998621225357056,0,"[3126283.1697066766, 4383077.175254939, 2404922.847169617]","[2, 2, 1]","[1253579.3561016216]","['; gamma used= 0.2770984186529621', 'current gain: 1253579.3561016216, prev block gain: [2502904.8060813206]', ' ----- switch back']"
85,1498484759.516044,"26/06/2017 21:45:59",47,2,0.2770984186529621,41250000.0,"[0.23925389157768848, 0.35532150229973114, 1.0]","[0.2004768314365457, 0.25323719458105737, 0.5462859739823969]",-1,2,0,2193720,2193720.0,1.1693826229139268,0,15.007714033126831,0,"[3126283.1697066766, 6576797.175254939, 2404922.847169617]","[2, 3, 1]","[1253579.3561016216]","['; gamma used= 0.27516060407455223', 'no selection ----- in the middle of a block']"
86,1498484774.523758,"26/06/2017 21:46:14",48,2,0.27516060407455223,41250000.0,"[0.23925389157768848, 0.35705891646502314, 1.0]","[0.2003584615852762, 0.25385031020423016, 0.5457912282104936]",1,3,5.502972364425659,2403680,3796675.7557950523,2.025081230354953,0.00799560546875,14.998611211776733,0,"[3126283.1697066766, 6576797.175254939, 6201598.6029646695]","[2, 3, 2]","[1880172.3691736187, 2193720.0]","['; gamma used= 0.27516060407455223', 'flipped coin and will select greedily...', 'averageBytePerNet:[1563141.5848533383, 2192265.7250849796, 2404922.847169617], numNetworkHighestAverageByte: 1', 'choosing greedily']"
87,1498484789.5303648,"26/06/2017 21:46:29",48,2,0.27516060407455223,41250000.0,"[0.23527545437397615, 0.35112155650061727, 1.0]","[0.19887100100951088, 0.25193978244911375, 0.5491892165413753]",1,3,0,2250192,2250192.0,1.1995254454841329,0,15.007214784622192,0,"[3126283.1697066766, 6576797.175254939, 8451790.60296467]","[2, 3, 3]","[1880172.3691736187, 2193720.0]","['; gamma used= 0.27327588325319846', 'current gain: 3796675.7557950523, prev block gain: [1880172.3691736187, 2193720.0]', 'no selection ----- in the middle of a block']"
88,1498484804.5375795,"26/06/2017 21:46:44",49,2,0.27327588325319846,41250000.0,"[0.23294883126892205, 0.3476493391024591, 1.0]","[0.19819668689293968, 0.2509334461833489, 0.5508698669237113]",1,3,0,2694728,2694728.0,1.436613388948692,0,15.006002426147461,0,"[3126283.1697066766, 6576797.175254939, 11146518.60296467]","[2, 3, 4]","[3796675.7557950523, 2250192.0]","['; gamma used= 0.27327588325319846', 'flipped coin and will select greedily...', 'averageBytePerNet:[1563141.5848533383, 2192265.7250849796, 2817263.5343215563], numNetworkHighestAverageByte: 1', 'choosing greedily']"
89,1498484819.543582,"26/06/2017 21:46:59",49,2,0.27327588325319846,41250000.0,"[0.23021121593710211, 0.34356376307428294, 1.0]","[0.19705381412087142, 0.24952887132730361, 0.553417314551825]",1,3,0,3194288,3194288.0,1.7029053743309843,0,15.00629711151123,0,"[3126283.1697066766, 6576797.175254939, 14340806.60296467]","[2, 3, 5]","[3796675.7557950523, 2250192.0]","['; gamma used= 0.2714417616594907', 'no selection ----- in the middle of a block']"
90,1498484834.549879,"26/06/2017 21:47:14",50,2,0.2714417616594907,41250000.0,"[0.22700773133950156, 0.3387829307467961, 1.0]","[0.19610668197122913, 0.24811538552412427, 0.5557779325046467]",1,3,0,3689504,3689504.0,1.966839964404863,0,15.006829500198364,0,"[3126283.1697066766, 6576797.175254939, 18030310.60296467]","[2, 3, 6]","[2694728.0, 3194288.0]","['; gamma used= 0.2714417616594907', 'flipped coin and will select greedily...', 'averageBytePerNet:[1563141.5848533383, 2192265.7250849796, 2868161.320592934], numNetworkHighestAverageByte: 1', 'choosing greedily']"
91,1498484849.5567086,"26/06/2017 21:47:29",50,2,0.2714417616594907,41250000.0,"[0.22338683158286401, 0.3333791543015814, 1.0]","[0.19468541676254295, 0.2462874196923739, 0.5590271635450831]",1,3,0,3498368,3498368.0,1.8652661378092104,0,15.004263162612915,0,"[3126283.1697066766, 6576797.175254939, 21528678.60296467]","[2, 3, 7]","[2694728.0, 3194288.0]","['; gamma used= 0.2696559088937193', 'no selection ----- in the middle of a block']"
92,1498484864.5609717,"26/06/2017 21:47:44",51,2,0.2696559088937193,41250000.0,"[0.22000687333081134, 0.32833495534115165, 1.0]","[0.19366130188449143, 0.2447590460208675, 0.561579652094641]",1,3,0,4429644,4429644.0,2.3612666775500575,0,15.007687330245972,0,"[3126283.1697066766, 6576797.175254939, 25958322.60296467]","[2, 3, 8]","[3689504.0, 3498368.0]","['; gamma used= 0.2696559088937193', 'flipped coin and will select greedily...', 'averageBytePerNet:[1563141.5848533383, 2192265.7250849796, 3075525.5147092384], numNetworkHighestAverageByte: 1', 'choosing greedily']"
93,1498484879.568659,"26/06/2017 21:47:59",51,2,0.2696559088937193,41250000.0,"[0.21582731411694148, 0.3220974439077328, 1.0]","[0.19204362765979055, 0.2426303978455912, 0.5653259744946182]",1,3,0,8400348,8400348.0,4.478232360968886,0,15.006542444229126,0,"[3126283.1697066766, 6576797.175254939, 34358670.60296467]","[2, 3, 9]","[3689504.0, 3498368.0]","['; gamma used= 0.2679161449185622', 'no selection ----- in the middle of a block']"
94,1498484894.5752015,"26/06/2017 21:48:14",52,2,0.2679161449185622,41250000.0,"[0.2081180492311854, 0.31059225271231145, 1.0]","[0.18962725579696826, 0.2390242407485154, 0.5713485034545163]",0,1,4.327965974807739,609608,856891.4230122442,0.45708940310831203,0.006172895431518555,14.997353553771973,0,"[3983174.5927189207, 6576797.175254939, 34358670.60296467]","[3, 3, 9]","[4429644.0, 8400348.0]","['; gamma used= 0.2679161449185622', 'flipped coin but will not select greedily...', 'choosing randomly']"
95,1498484909.578728,"26/06/2017 21:48:29",53,2,0.2679161449185622,41250000.0,"[0.21015107835248234, 0.31059225271231145, 1.0]","[0.19014092811525574, 0.23860517613063592, 0.5712538957541083]",-1,3,4.229551553726196,7054712,9825567.246024866,5.240943794306075,0.009308099746704102,14.998164653778076,0,"[3983174.5927189207, 6576797.175254939, 44184237.84898953]","[3, 3, 10]","[856891.4230122442]","['; gamma used= 0.26622042768611637', 'current gain: 856891.4230122442, prev block gain: [4429644.0, 8400348.0]', ' ----- switch back']"
96,1498484924.5862007,"26/06/2017 21:48:44",53,2,0.26622042768611637,41250000.0,"[0.20578264208703473, 0.30413593342452844, 1.0]","[0.1884191059554966, 0.23632385580205173, 0.5752570382424517]",-1,3,0,5432896,5432896.0,2.8964074155792745,0,15.005888938903809,0,"[3983174.5927189207, 6576797.175254939, 49617133.84898953]","[3, 3, 11]","[856891.4230122442]","['; gamma used= 0.26456684199469993', 'no selection ----- in the middle of a block']"
97,1498484939.5920897,"26/06/2017 21:48:59",54,2,0.26456684199469993,41250000.0,"[0.2034062910334572, 0.3006238114180548, 1.0]","[0.18764954371793668, 0.23518648324684094, 0.5771639730352224]",1,3,0,3334744,3334744.0,1.7777679892730924,0,15.006430625915527,0,"[3983174.5927189207, 6576797.175254939, 52951877.84898953]","[3, 3, 12]","[9825567.246024866, 5432896.0]","['; gamma used= 0.26456684199469993', 'flipped coin and will select greedily...', 'averageBytePerNet:[1327724.8642396403, 2192265.7250849796, 4510648.531726321], numNetworkHighestAverageByte: 1', 'choosing greedily']"
98,1498484954.5985203,"26/06/2017 21:49:14",54,2,0.26456684199469993,41250000.0,"[0.20054397864977555, 0.296393464097529, 1.0]","[0.1863929443982394, 0.23358631212796416, 0.5800207434737965]",1,3,0,3096688,3096688.0,1.6511039963836638,0,15.004205703735352,0,"[3983174.5927189207, 6576797.175254939, 56048565.84898953]","[3, 3, 13]","[9825567.246024866, 5432896.0]","['; gamma used= 0.26295358943292957', 'no selection ----- in the middle of a block']"
99,1498484969.602726,"26/06/2017 21:49:29",55,2,0.26295358943292957,41250000.0,"[0.1979220769209839, 0.2925184310940351, 1.0]","[0.18552679471998565, 0.23230618840999942, 0.5821670168700149]",0,2,3.1726362705230713,838392,1063364.4671194071,0.5672820908204924,0.012013912200927734,14.995918035507202,11840,"[3983174.5927189207, 7640161.642374346, 56048565.84898953]","[3, 4, 13]","[3334744.0, 3096688.0]","['; gamma used= 0.26295358943292957', 'flipped coin but will not select greedily...', 'choosing randomly']"
100,1498484984.610658,"26/06/2017 21:49:44",56,2,0.26295358943292957,41250000.0,"[0.1979220769209839, 0.29536028122198316, 1.0]","[0.1850243600325848, 0.23322013863048668, 0.5817555013369285]",-1,3,4.143630504608154,7566952,10455420.47302507,5.57669120316165,0.00871419906616211,14.998744010925293,0,"[3983174.5927189207, 7640161.642374346, 66503986.3220146]","[3, 4, 14]","[1063364.4671194071]","['; gamma used= 0.26137897928735515', 'current gain: 1063364.4671194071, prev block gain: [3334744.0, 3096688.0]', ' ----- switch back']"
101,1498484999.6181161,"26/06/2017 21:49:59",56,2,0.26137897928735515,41250000.0,"[0.1936243334834876, 0.2889467333749402, 1.0]","[0.18327879293287058, 0.23086753501333612, 0.5858536720537934]",-1,3,0,7519176,7519176.0,4.008944188702782,0,15.00480055809021,0,"[3983174.5927189207, 7640161.642374346, 74023162.3220146]","[3, 4, 15]","[1063364.4671194071]","['; gamma used= 0.2598414203059447', 'no selection ----- in the middle of a block']"
102,1498485014.6229167,"26/06/2017 21:50:14",57,3,0.2598414203059447,41250000.0,"[0.19059135380653397, 0.28442059993767227, 1.0]","[0.1822522355809174, 0.22933559743022142, 0.5884121669888612]",1,3,0,6437808,6437808.0,3.4327291521656815,0,15.003357887268066,0,"[3983174.5927189207, 7640161.642374346, 80460970.3220146]","[3, 4, 16]","[10455420.47302507, 7519176.0]","['; gamma used= 0.2598414203059447', 'flipped coin and will select greedily...', 'averageBytePerNet:[1327724.8642396403, 1910040.4105935865, 4934877.488134307], numNetworkHighestAverageByte: 1', 'choosing greedily']"
103,1498485029.6262746,"26/06/2017 21:50:29",57,3,0.2598414203059447,41250000.0,"[0.1855366810992187, 0.27687748208269064, 1.0]","[0.18020771589622514, 0.2265310309731584, 0.5932612531306166]",1,3,0,4076120,4076120.0,2.1729998087246427,0,15.006425619125366,0,"[3983174.5927189207, 7640161.642374346, 84537090.3220146]","[3, 4, 17]","[10455420.47302507, 7519176.0]","['; gamma used= 0.25833941322341275', 'no selection ----- in the middle of a block']"
104,1498485044.6327002,"26/06/2017 21:50:44",57,3,0.2598414203059447,41250000.0,"[0.18240583361062027, 0.2722052999336283, 1.0]","[0.17911615034526868, 0.22490208127174927, 0.5959817683829822]",1,3,0,2990120,2990120.0,1.5943331639262939,0,15.003739833831787,0,"[3983174.5927189207, 7640161.642374346, 87527210.3220146]","[3, 4, 18]","[10455420.47302507, 7519176.0]","['; gamma used= 0.25833941322341275', 'no selection ----- in the middle of a block']"
105,1498485059.63644,"26/06/2017 21:50:59",58,3,0.25833941322341275,41250000.0,"[0.18014278080341511, 0.2688281328992344, 1.0]","[0.1783198199117396, 0.22371371267511875, 0.5979664674131416]",1,3,0,2022856,2022856.0,1.0784302491494164,0,15.005929231643677,0,"[3983174.5927189207, 7640161.642374346, 89550066.3220146]","[3, 4, 19]","[6437808.0, 4076120.0, 2990120.0]","['; gamma used= 0.25833941322341275', 'flipped coin and will select greedily...', 'averageBytePerNet:[1327724.8642396403, 1910040.4105935865, 4862622.795667478], numNetworkHighestAverageByte: 1', 'choosing greedily']"
106,1498485074.6423693,"26/06/2017 21:51:14",58,3,0.25833941322341275,41250000.0,"[0.17863631134706337, 0.26658001965586936, 1.0]","[0.17747841909697232, 0.22269896551029877, 0.599822615392729]",1,3,0,4135488,4135488.0,2.204684842281359,0,15.00618290901184,0,"[3983174.5927189207, 7640161.642374346, 93685554.3220146]","[3, 4, 20]","[6437808.0, 4076120.0, 2990120.0]","['; gamma used= 0.2568715439661365', 'no selection ----- in the middle of a block']"
107,1498485089.6485522,"26/06/2017 21:51:29",58,3,0.25833941322341275,41250000.0,"[0.1755956043458133, 0.26204235468703707, 1.0]","[0.17639085196488896, 0.22107598267292594, 0.602533165362185]",1,3,0,2736848,2736848.0,1.459322614945291,0,15.003388404846191,0,"[3983174.5927189207, 7640161.642374346, 96422402.3220146]","[3, 4, 21]","[6437808.0, 4076120.0, 2990120.0]","['; gamma used= 0.2568715439661365', 'no selection ----- in the middle of a block']"
108,1498485104.6519406,"26/06/2017 21:51:44",59,3,0.2568715439661365,41250000.0,"[0.1736117936370417, 0.25908190228097283, 1.0]","[0.17567510215584675, 0.22000786501686637, 0.6043170328272869]",1,3,0,4129568,4129568.0,2.201340609638306,0,15.007465839385986,0,"[3983174.5927189207, 7640161.642374346, 100551970.3220146]","[3, 4, 22]","[2022856.0, 4135488.0, 2736848.0]","['; gamma used= 0.2568715439661365', 'flipped coin and will select greedily...', 'averageBytePerNet:[1327724.8642396403, 1910040.4105935865, 4591542.967714981], numNetworkHighestAverageByte: 1', 'choosing greedily']"
109,1498485119.6594064,"26/06/2017 21:51:59",59,3,0.2568715439661365,41250000.0,"[0.17067715323120924, 0.25470252111725294, 1.0]","[0.17430067318362158, 0.21819229379633276, 0.6075070330200457]",1,3,0,3675908,3675908.0,1.959647668957956,0,15.006403684616089,0,"[3983174.5927189207, 7640161.642374346, 104227878.3220146]","[3, 4, 23]","[2022856.0, 4135488.0, 2736848.0]","['; gamma used= 0.2554364774645177', 'no selection ----- in the middle of a block']"
110,1498485134.66581,"26/06/2017 21:52:14",60,1,0.2554364774645177,41250000.0,"[0.16810665885125076, 0.25086655721289697, 1.0]","[0.17335440627100995, 0.2167801741087872, 0.6098654196202029]",2,3,0,2978316,2978316.0,1.5877606966713598,0,15.006372213363647,0,"[0, 0, 2978316.0]","[0, 0, 1]","[4129568.0, 3675908.0]","['; gamma used= 0.2554364774645177', 'ALGORITHM RESET DUE TO NETWORK QUALITY DROP', 'exploring after a reset', 'prob current block:0.3333333333333333']"
111,1498485149.6721823,"26/06/2017 21:52:29",61,1,0.2540329520093663,41250000.0,"[0.16505142078680726, 0.2463072074528679, 1.0]","[0.17191481255582214, 0.21486218121083173, 0.6132230062333461]",2,1,4.2361485958099365,1361120,1896817.4395446158,1.0116688353651906,0.004206180572509766,14.999512672424316,0,"[1896817.4395446158, 0, 2978316.0]","[1, 0, 1]","[2978316.0]","['; gamma used= 0.2540329520093663', 'exploring after a reset', 'prob current block:0.5']"
112,1498485164.6759012,"26/06/2017 21:52:44",62,1,0.25265977409642826,41250000.0,"[0.16633478132301252, 0.2463072074528679, 1.0]","[0.17221721915646643, 0.21452561115161967, 0.6132571696919139]",2,2,3.7455272674560547,955680,1273765.5946251277,0.6793929333023813,0.008604049682617188,14.998867750167847,0,"[1896817.4395446158, 1273765.5946251277, 2978316.0]","[1, 1, 1]","[1896817.4395446158]","['; gamma used= 0.25265977409642826', 'exploring after a reset', 'prob current block:1.0']"
113,1498485179.683373,"26/06/2017 21:52:59",63,2,0.25131581370971795,41250000.0,"[0.16633478132301252, 0.2469451816042821, 1.0]","[0.17188768543612792, 0.2145909951300622, 0.6135213194338099]",-1,1,4.166121482849121,1077968,1492535.736006038,0.7960742147586614,0.008631467819213867,14.998960733413696,0,"[3389353.1755506536, 1273765.5946251277, 2978316.0]","[2, 1, 1]","[1273765.5946251277]","['; gamma used= 0.25131581370971795', 'current gain: 1273765.5946251277, prev block gain: [1896817.4395446158]', ' ----- switch back']"
114,1498485194.6909652,"26/06/2017 21:53:14",63,2,0.25131581370971795,41250000.0,"[0.16683707478232676, 0.2469451816042821, 1.0]","[0.1718390459503178, 0.21433574573916908, 0.6138252083105131]",-1,1,0,2552156,2552156.0,1.3604624407196286,0,15.007579326629639,0,"[5941509.175550654, 1273765.5946251277, 2978316.0]","[3, 1, 1]","[1273765.5946251277]","['; gamma used= 0.25', 'no selection ----- in the middle of a block']"
115,1498485209.6985445,"26/06/2017 21:53:29",64,2,0.25,41250000.0,"[0.16769948650025038, 0.2469451816042821, 1.0]","[0.17224231359599665, 0.21425588256357286, 0.6135018038404304]",0,3,4.190708160400391,1071520,1487108.8833906734,0.7933530419850893,0.011176586151123047,14.995683431625366,1188,"[5941509.175550654, 1273765.5946251277, 4465424.883390673]","[3, 1, 2]","[1492535.736006038, 2552156.0]","['; gamma used= 0.25', 'flipped coin but will not select greedily...', 'choosing randomly']"
116,1498485224.7054045,"26/06/2017 21:53:44",65,2,0.25,41250000.0,"[0.16688449785478696, 0.2457450734628711, 1.0]","[0.1716591242311994, 0.21360009670336888, 0.6147407790654318]",-1,1,4.262707948684692,1057040,1476776.5689916245,0.7877369485209779,0.010706901550292969,14.99766206741333,0,"[7418285.744542278, 1273765.5946251277, 4465424.883390673]","[4, 1, 2]","[1487108.8833906734]","['; gamma used= 0.24871131731971627', 'current gain: 1487108.8833906734, prev block gain: [1492535.736006038, 2552156.0]', ' ----- switch back']"
117,1498485239.7137735,"26/06/2017 21:53:59",65,2,0.24871131731971627,41250000.0,"[0.16737802644628275, 0.2457450734628711, 1.0]","[0.17161921250367587, 0.21335316699975854, 0.6150276204965656]",-1,1,0,1601488,1601488.0,0.8537419563216393,0,15.006763935089111,0,"[9019773.744542278, 1273765.5946251277, 4465424.883390673]","[5, 1, 2]","[1487108.8833906734]","['; gamma used= 0.2474488015799764', 'no selection ----- in the middle of a block']"
118,1498485254.7205374,"26/06/2017 21:54:14",66,2,0.2474488015799764,41250000.0,"[0.16791488247928418, 0.2457450734628711, 1.0]","[0.17187115307861262, 0.2133034673008274, 0.61482537962056]",1,3,4.968369245529175,1046904,1565482.9800873045,0.8350087595505535,0.008126974105834961,14.99848198890686,0,"[9019773.744542278, 1273765.5946251277, 6030907.863477978]","[5, 1, 3]","[1476776.5689916245, 1601488.0]","['; gamma used= 0.2474488015799764', 'flipped coin and will select greedily...', 'averageBytePerNet:[1803954.7489084557, 1273765.5946251277, 2232712.4416953367], numNetworkHighestAverageByte: 1', 'choosing greedily']"
119,1498485269.7271464,"26/06/2017 21:54:29",67,2,0.2474488015799764,41250000.0,"[0.1668721359642121, 0.24421900373536404, 1.0]","[0.1712116651026166, 0.2125294616237574, 0.6162588732736259]",-1,1,3.1775248050689697,1823032,2313105.580927065,1.233849895101424,0.011345863342285156,14.997646570205688,0,"[11332879.325469343, 1273765.5946251277, 6030907.863477978]","[6, 1, 3]","[1565482.9800873045]","['; gamma used= 0.2462115368990136', 'current gain: 1565482.9800873045, prev block gain: [1476776.5689916245, 1601488.0]', ' ----- switch back']"
120,1498485284.7361388,"26/06/2017 21:54:44",67,2,0.2462115368990136,41250000.0,"[0.16763807211058243, 0.24421900373536404, 1.0]","[0.171311956084727, 0.21226419378466344, 0.6164238501306096]",-1,1,0,5034696,5034696.0,2.6835734996810667,0,15.008930444717407,0,"[16367575.325469343, 1273765.5946251277, 6030907.863477978]","[7, 1, 3]","[1565482.9800873045]","['; gamma used= 0.24499865251482233', 'no selection ----- in the middle of a block']"
121,1498485299.7450693,"26/06/2017 21:54:59",68,2,0.24499865251482233,41250000.0,"[0.16931738120040196, 0.24421900373536404, 1.0]","[0.1721024116640137, 0.2121090408144139, 0.6157885475215724]",0,2,3.280738353729248,823912,1054731.1135676631,0.5628467465082394,0.01839590072631836,14.991379022598267,10136,"[16367575.325469343, 2328496.708192791, 6030907.863477978]","[7, 2, 3]","[2313105.580927065, 5034696.0]","['; gamma used= 0.24499865251482233', 'flipped coin but will not select greedily...', 'choosing randomly']"
122,1498485314.7548442,"26/06/2017 21:55:14",69,2,0.24499865251482233,41250000.0,"[0.16931738120040196, 0.2466233456630685, 1.0]","[0.17169462175936046, 0.2129802834617373, 0.6153250947789022]",-1,1,4.268635511398315,781920,1092989.0451596559,0.5829854422173536,0.008625030517578125,14.998508930206299,0,"[17460564.370628998, 2328496.708192791, 6030907.863477978]","[8, 2, 3]","[1054731.1135676631]","['; gamma used= 0.2438093199376099', 'current gain: 1054731.1135676631, prev block gain: [2313105.580927065, 5034696.0]', ' ----- switch back']"
123,1498485329.7619781,"26/06/2017 21:55:29",69,2,0.2438093199376099,41250000.0,"[0.169680630604675, 0.2466233456630685, 1.0]","[0.17161627999490006, 0.2127607828953853, 0.6156229371097147]",-1,1,0,4203544,4203544.0,2.2407643475015613,0,15.007536172866821,0,"[21664108.370628998, 2328496.708192791, 6030907.863477978]","[9, 2, 3]","[1054731.1135676631]","['; gamma used= 0.24264275032025867', 'no selection ----- in the middle of a block']"
124,1498485344.7695143,"26/06/2017 21:55:44",70,2,0.24264275032025867,41250000.0,"[0.1710849340374407, 0.2466233456630685, 1.0]","[0.1722765987762137, 0.21263014999201613, 0.6150932512317703]",1,1,0,4167344,4167344.0,2.2220222621736854,0,15.003788471221924,0,"[25831452.370628998, 2328496.708192791, 6030907.863477978]","[10, 2, 3]","[1092989.0451596559, 4203544.0]","['; gamma used= 0.24264275032025867', 'flipped coin and will select greedily...', 'averageBytePerNet:[2407123.152292111, 1164248.3540963954, 2010302.621159326], numNetworkHighestAverageByte: 1', 'choosing greedily']"
125,1498485359.7733028,"26/06/2017 21:55:59",70,2,0.24264275032025867,41250000.0,"[0.17389040972404468, 0.2466233456630685, 1.0]","[0.17335044483464512, 0.21218714261366872, 0.6144624125516861]",1,1,0,4231056,4231056.0,2.255577608047631,0,15.006554365158081,0,"[30062508.370628998, 2328496.708192791, 6030907.863477978]","[11, 2, 3]","[1092989.0451596559, 4203544.0]","['; gamma used= 0.2414981920272584', 'no selection ----- in the middle of a block']"
126,1498485374.7798572,"26/06/2017 21:56:14",71,2,0.2414981920272584,41250000.0,"[0.1767858455280295, 0.2466233456630685, 1.0]","[0.17470448206917516, 0.21191926924671, 0.6133762486841149]",1,1,0,6462424,6462424.0,3.445807710624506,0,15.003562688827515,0,"[36524932.370629, 2328496.708192791, 6030907.863477978]","[12, 2, 3]","[4167344.0, 4231056.0]","['; gamma used= 0.2414981920272584', 'flipped coin and will select greedily...', 'averageBytePerNet:[2732955.306420818, 1164248.3540963954, 2010302.621159326], numNetworkHighestAverageByte: 1', 'choosing greedily']"
127,1498485389.7834198,"26/06/2017 21:56:29",71,2,0.2414981920272584,41250000.0,"[0.18128033012811864, 0.2466233456630685, 1.0]","[0.17656361277483867, 0.21132519627437107, 0.6121111909507903]",1,1,0,5390904,5390904.0,2.87441523989735,0,15.003828048706055,0,"[41915836.370629, 2328496.708192791, 6030907.863477978]","[13, 2, 3]","[4167344.0, 4231056.0]","['; gamma used= 0.2403749283845681', 'no selection ----- in the middle of a block']"
128,1498485404.787248,"26/06/2017 21:56:44",72,2,0.2403749283845681,41250000.0,"[0.1851168888854617, 0.2466233456630685, 1.0]","[0.17834071847001598, 0.21097362596753683, 0.6106856555624472]",0,3,4.293891668319702,757304,1061147.6810985901,0.5660947309692907,0.010228872299194336,14.996043920516968,0,"[41915836.370629, 2328496.708192791, 7092055.5445765685]","[13, 2, 4]","[6462424.0, 5390904.0]","['; gamma used= 0.2403749283845681', 'flipped coin but will not select greedily...', 'choosing randomly']"
129,1498485419.7935207,"26/06/2017 21:56:59",73,2,0.2403749283845681,41250000.0,"[0.18449598843886159, 0.24579614644647538, 1.0]","[0.17788508039801182, 0.2104887202904731, 0.6116261993115151]",-1,1,3.814387321472168,5376424,7210032.5511132395,3.8456683007336667,0.009069442749023438,14.998761177062988,0,"[49125868.92174224, 2328496.708192791, 7092055.5445765685]","[14, 2, 4]","[1061147.6810985901]","['; gamma used= 0.2392722755946373', 'current gain: 1061147.6810985901, prev block gain: [6462424.0, 5390904.0]', ' ----- switch back']"
130,1498485434.8013513,"26/06/2017 21:57:14",73,2,0.2392722755946373,41250000.0,"[0.18707420073838835, 0.24579614644647538, 1.0]","[0.1788577765618896, 0.21007831941412142, 0.611063904023989]",-1,1,0,7144432,7144432.0,3.8092177208201776,0,15.004512786865234,0,"[56270300.92174224, 2328496.708192791, 7092055.5445765685]","[15, 2, 4]","[1061147.6810985901]","['; gamma used= 0.23818958080238592', 'no selection ----- in the middle of a block']"
131,1498485449.805864,"26/06/2017 21:57:29",74,3,0.23818958080238592,41250000.0,"[0.18966449227737378, 0.24579614644647538, 1.0]","[0.18005298693792338, 0.20984250386319042, 0.6101045091988863]",1,1,0,7205248,7205248.0,3.8410799441691714,0,15.006712913513184,0,"[63475548.92174224, 2328496.708192791, 7092055.5445765685]","[16, 2, 4]","[7210032.5511132395, 7144432.0]","['; gamma used= 0.23818958080238592', 'flipped coin and will select greedily...', 'averageBytePerNet:[3751353.394782816, 1164248.3540963954, 1773013.8861441421], numNetworkHighestAverageByte: 1', 'choosing greedily']"
132,1498485464.812577,"26/06/2017 21:57:44",74,3,0.23818958080238592,41250000.0,"[0.19497467191897136, 0.24579614644647538, 1.0]","[0.1822792177566413, 0.209188681682863, 0.6085321005604958]",1,1,0,7174840,7174840.0,3.8255908622952153,0,15.003883600234985,0,"[70650388.92174223, 2328496.708192791, 7092055.5445765685]","[17, 2, 4]","[7210032.5511132395, 7144432.0]","['; gamma used= 0.23712622029933753', 'no selection ----- in the middle of a block']"
133,1498485479.8164606,"26/06/2017 21:57:59",74,3,0.23818958080238592,41250000.0,"[0.20041016872319214, 0.24579614644647538, 1.0]","[0.18475843029079395, 0.20869953192200147, 0.6065420377872046]",1,1,0,4332416,4332416.0,2.3100716901382916,0,15.003572463989258,0,"[74982804.92174223, 2328496.708192791, 7092055.5445765685]","[18, 2, 4]","[7210032.5511132395, 7144432.0]","['; gamma used= 0.23712622029933753', 'no selection ----- in the middle of a block']"
134,1498485494.820033,"26/06/2017 21:58:14",75,2,0.23712622029933753,41250000.0,"[0.20376541668860834, 0.24579614644647538, 1.0]","[0.18627952891952917, 0.2083994184705555, 0.6053210526099153]",0,2,4.039636611938477,1084552,1484447.9301257124,0.7919443624090072,0.011127948760986328,14.995476961135864,0,"[74982804.92174223, 3812944.6383185033, 7092055.5445765685]","[18, 3, 4]","[7205248.0, 7174840.0, 4332416.0]","['; gamma used= 0.23712622029933753', 'flipped coin but will not select greedily...', 'choosing randomly']"
135,1498485509.826638,"26/06/2017 21:58:29",76,3,0.23712622029933753,41250000.0,"[0.20376541668860834, 0.24915905149271905, 1.0]","[0.1858296152200591, 0.20969667350599064, 0.6044737112739502]",-1,1,3.9418411254882812,5183840,7031903.74574457,3.7506610477927826,0.009013175964355469,14.998750686645508,0,"[82014708.6674868, 3812944.6383185033, 7092055.5445765685]","[19, 3, 4]","[1484447.9301257124]","['; gamma used= 0.23608159785434174', 'current gain: 1484447.9301257124, prev block gain: [7205248.0, 7174840.0, 4332416.0]', ' ----- switch back']"
136,1498485524.8344018,"26/06/2017 21:58:44",76,3,0.23608159785434174,41250000.0,"[0.2065052966269179, 0.24915905149271905, 1.0]","[0.18686928903850927, 0.20928363919528659, 0.6038470717662042]",-1,1,0,7105336,7105336.0,3.78833793864223,0,15.004650831222534,0,"[89120044.6674868, 3812944.6383185033, 7092055.5445765685]","[20, 3, 4]","[1484447.9301257124]","['; gamma used= 0.23505514316042717', 'no selection ----- in the middle of a block']"
137,1498485539.8390527,"26/06/2017 21:58:59",76,3,0.23608159785434174,41250000.0,"[0.2093112103213643, 0.24915905149271905, 1.0]","[0.18813217272474103, 0.20903174260851393, 0.602836084666745]",-1,1,0,4788536,4788536.0,2.5526924649569227,0,15.007012605667114,0,"[93908580.6674868, 3812944.6383185033, 7092055.5445765685]","[21, 3, 4]","[1484447.9301257124]","['; gamma used= 0.23505514316042717', 'no selection ----- in the middle of a block']"
138,1498485554.8460653,"26/06/2017 21:59:14",77,3,0.23505514316042717,41250000.0,"[0.21122368793160076, 0.24915905149271905, 1.0]","[0.18899015824410725, 0.20886060758936303, 0.6021492341665298]",0,1,0,7114024,7114024.0,3.7926064744377834,0,15.006089448928833,0,"[101022604.6674868, 3812944.6383185033, 7092055.5445765685]","[22, 3, 4]","[7031903.74574457, 7105336.0, 4788536.0]","['; gamma used= 0.23505514316042717', 'flipped coin but will not select greedily...', 'choosing randomly']"
139,1498485569.8521547,"26/06/2017 21:59:29",77,3,0.23505514316042717,41250000.0,"[0.22680938610669138, 0.24915905149271905, 1.0]","[0.19571814757326594, 0.20731650444047467, 0.5969653479862593]",0,1,0,7177736,7177736.0,3.827060012506054,0,15.004177570343018,0,"[108200340.6674868, 3812944.6383185033, 7092055.5445765685]","[23, 3, 4]","[7031903.74574457, 7105336.0, 4788536.0]","['; gamma used= 0.23404631038831517', 'no selection ----- in the middle of a block']"
140,1498485584.8563323,"26/06/2017 21:59:44",77,3,0.23505514316042717,41250000.0,"[0.24370044664433138, 0.24915905149271905, 1.0]","[0.20305282745489078, 0.205853518698087, 0.5910936538470222]",0,1,0,7173392,7173392.0,3.8247089118348203,0,15.004314661026001,0,"[115373732.6674868, 3812944.6383185033, 7092055.5445765685]","[24, 3, 4]","[7031903.74574457, 7105336.0, 4788536.0]","['; gamma used= 0.23404631038831517', 'no selection ----- in the middle of a block']"
141,1498485599.860647,"26/06/2017 21:59:59",78,3,0.23404631038831517,41250000.0,"[0.26183804377054015, 0.24915905149271905, 1.0]","[0.21074621194813037, 0.20431898522069375, 0.5849348028311758]",1,1,0,5159224,5159224.0,2.7508823502613415,0,15.003837585449219,0,"[120532956.6674868, 3812944.6383185033, 7092055.5445765685]","[25, 3, 4]","[7114024.0, 7177736.0, 7173392.0]","['; gamma used= 0.23404631038831517', 'flipped coin and will select greedily...', 'averageBytePerNet:[4807238.861145283, 1270981.5461061678, 1773013.8861441421], numNetworkHighestAverageByte: 1', 'choosing greedily']"
142,1498485614.8644845,"26/06/2017 22:00:14",78,3,0.23404631038831517,41250000.0,"[0.2669759489489993, 0.24915905149271905, 1.0]","[0.21273614532954332, 0.2037233674733105, 0.5835404871971461]",1,1,0,7128504,7128504.0,3.800990303829829,0,15.003466844558716,0,"[127661460.6674868, 3812944.6383185033, 7092055.5445765685]","[26, 3, 4]","[7114024.0, 7177736.0, 7173392.0]","['; gamma used= 0.23305457683800562', 'no selection ----- in the middle of a block']"
143,1498485629.8679514,"26/06/2017 22:00:29",78,3,0.23404631038831517,41250000.0,"[0.274241295972995, 0.24915905149271905, 1.0]","[0.21574975248393385, 0.20312226907894482, 0.5811279784371213]",1,1,0,7174840,7174840.0,3.8256197987397913,0,15.003770112991333,0,"[134836300.6674868, 3812944.6383185033, 7092055.5445765685]","[27, 3, 4]","[7114024.0, 7177736.0, 7173392.0]","['; gamma used= 0.23305457683800562', 'no selection ----- in the middle of a block']"
144,1498485644.8717215,"26/06/2017 22:00:44",79,4,0.23305457683800562,41250000.0,"[0.2817535275568805, 0.24915905149271905, 1.0]","[0.21883568713610407, 0.20250674413839825, 0.5786575687254976]",1,1,0,6314728,6314728.0,3.366953291025937,0,15.004016876220703,0,"[141151028.6674868, 3812944.6383185033, 7092055.5445765685]","[28, 3, 4]","[5159224.0, 7128504.0, 7174840.0]","['; gamma used= 0.23305457683800562', 'flipped coin and will select greedily...', 'averageBytePerNet:[4993937.06175877, 1270981.5461061678, 1773013.8861441421], numNetworkHighestAverageByte: 1', 'choosing greedily']"
145,1498485659.8757384,"26/06/2017 22:00:59",79,4,0.23305457683800562,41250000.0,"[0.28850655921439117, 0.24915905149271905, 1.0]","[0.2214419319353429, 0.2017915216720823, 0.5767665463925747]",1,1,0,7131400,7131400.0,3.801703868903299,0,15.006744861602783,0,"[148282428.6674868, 3812944.6383185033, 7092055.5445765685]","[29, 3, 4]","[5159224.0, 7128504.0, 7174840.0]","['; gamma used= 0.23207944168063896', 'no selection ----- in the middle of a block']"
146,1498485674.8824832,"26/06/2017 22:01:14",79,4,0.23305457683800562,41250000.0,"[0.2963277560226939, 0.24915905149271905, 1.0]","[0.2245989716423588, 0.20116181401557134, 0.5742392143420698]",1,1,0,5826752,5826752.0,3.106784156712842,0,15.003944158554077,0,"[154109180.6674868, 3812944.6383185033, 7092055.5445765685]","[30, 3, 4]","[5159224.0, 7128504.0, 7174840.0]","['; gamma used= 0.23207944168063896', 'no selection ----- in the middle of a block']"
147,1498485689.8864274,"26/06/2017 22:01:29",79,4,0.23305457683800562,41250000.0,"[0.3028752437111115, 0.24915905149271905, 1.0]","[0.22721740851661082, 0.2006395368506238, 0.5721430546327653]",1,1,0,7138640,7138640.0,3.8064228060940137,0,15.00335693359375,0,"[161247820.6674868, 3812944.6383185033, 7092055.5445765685]","[31, 3, 4]","[5159224.0, 7128504.0, 7174840.0]","['; gamma used= 0.23207944168063896', 'no selection ----- in the middle of a block']"
148,1498485704.8897843,"26/06/2017 22:01:44",80,4,0.23207944168063896,41250000.0,"[0.3110944126507647, 0.24915905149271905, 1.0]","[0.2304732666388367, 0.19999011873164266, 0.5695366146295207]",0,1,0,7143496,7143496.0,3.8087400950709367,0,15.004428386688232,0,"[168391316.6674868, 3812944.6383185033, 7092055.5445765685]","[32, 3, 4]","[6314728.0, 7131400.0, 5826752.0, 7138640.0]","['; gamma used= 0.23207944168063896', 'flipped coin but will not select greedily...', 'choosing randomly']"
149,1498485719.8942127,"26/06/2017 22:01:59",80,4,0.23207944168063896,41250000.0,"[0.3296342655622951, 0.24915905149271905, 1.0]","[0.23757353842640314, 0.19838174065220923, 0.5640447209213877]",0,1,0,7156952,7156952.0,3.8159038993367407,0,15.004470109939575,0,"[175548268.6674868, 3812944.6383185033, 7092055.5445765685]","[33, 3, 4]","[6314728.0, 7131400.0, 5826752.0, 7138640.0]","['; gamma used= 0.23112042478354491', 'no selection ----- in the middle of a block']"
150,1498485734.8986828,"26/06/2017 22:02:14",80,4,0.23207944168063896,41250000.0,"[0.3493170995146456, 0.24915905149271905, 1.0]","[0.24506440828213694, 0.196887601034136, 0.5580479906837271]",0,1,0,5450272,5450272.0,2.906014865828176,0,15.00411319732666,0,"[180998540.6674868, 3812944.6383185033, 7092055.5445765685]","[34, 3, 4]","[6314728.0, 7131400.0, 5826752.0, 7138640.0]","['; gamma used= 0.23112042478354491', 'no selection ----- in the middle of a block']"
151,1498485749.902796,"26/06/2017 22:02:29",80,4,0.23207944168063896,41250000.0,"[0.3650909044505971, 0.24915905149271905, 1.0]","[0.2509357260396934, 0.1957164995945419, 0.5533477743657648]",0,1,0,7132848,7132848.0,3.802358533247588,0,15.00720763206482,0,"[188131388.6674868, 3812944.6383185033, 7092055.5445765685]","[35, 3, 4]","[6314728.0, 7131400.0, 5826752.0, 7138640.0]","['; gamma used= 0.23112042478354491', 'no selection ----- in the middle of a block']"
152,1498485764.9100037,"26/06/2017 22:02:44",81,2,0.23112042478354491,41250000.0,"[0.3868153315663354, 0.24915905149271905, 1.0]","[0.2588366360272767, 0.19414057278515506, 0.5470227911875682]",0,2,3.235595226287842,3337640,4255938.40341981,2.2704901922441345,0.014038562774658203,14.9956636428833,2896,"[188131388.6674868, 8068883.041738314, 7092055.5445765685]","[35, 4, 4]","[7143496.0, 7156952.0, 5450272.0, 7132848.0]","['; gamma used= 0.23112042478354491', 'flipped coin but will not select greedily...', 'choosing randomly']"
153,1498485779.9197059,"26/06/2017 22:02:59",82,4,0.23112042478354491,41250000.0,"[0.3868153315663354, 0.2595285282079115, 1.0]","[0.2575987861255253, 0.19808005321411315, 0.5443211606603616]",-1,1,2.8591654300689697,5712360,7057821.485820166,3.764627178743442,0.010474205017089844,14.998184204101562,2896,"[195189210.15330696, 8068883.041738314, 7092055.5445765685]","[36, 4, 4]","[4255938.40341981]","['; gamma used= 0.23017706561202741', 'current gain: 4255938.40341981, prev block gain: [7143496.0, 7156952.0, 5450272.0, 7132848.0]', ' ----- switch back']"
154,1498485794.9283643,"26/06/2017 22:03:14",82,4,0.23017706561202741,41250000.0,"[0.3919060453326294, 0.2595285282079115, 1.0]","[0.25932516232919134, 0.19754244587476072, 0.5431323917960479]",-1,1,0,5503848,5503848.0,2.934317550379949,0,15.005459785461426,0,"[200693058.15330696, 8068883.041738314, 7092055.5445765685]","[37, 4, 4]","[4255938.40341981]","['; gamma used= 0.22924892220200552', 'no selection ----- in the middle of a block']"
155,1498485809.933824,"26/06/2017 22:03:29",82,4,0.23017706561202741,41250000.0,"[0.39592234766030276, 0.2595285282079115, 1.0]","[0.26075133094731906, 0.1972485808021167, 0.5420000882505641]",-1,1,0,7142984,7142984.0,3.8085499573242223,0,15.004101991653442,0,"[207836042.15330696, 8068883.041738314, 7092055.5445765685]","[38, 4, 4]","[4255938.40341981]","['; gamma used= 0.22924892220200552', 'no selection ----- in the middle of a block']"
156,1498485824.937926,"26/06/2017 22:03:44",82,4,0.23017706561202741,41250000.0,"[0.40119620474538886, 0.2595285282079115, 1.0]","[0.26261357482263126, 0.1968648614965988, 0.5405215636807699]",-1,1,0,7171944,7171944.0,3.8240620418046882,0,15.003823518753052,0,"[215007986.15330696, 8068883.041738314, 7092055.5445765685]","[39, 4, 4]","[4255938.40341981]","['; gamma used= 0.22924892220200552', 'no selection ----- in the middle of a block']"
157,1498485839.9417496,"26/06/2017 22:03:59",83,2,0.22924892220200552,41250000.0,"[0.40656212290725985, 0.2595285282079115, 1.0]","[0.2644962262291367, 0.19647693717593723, 0.539026836594926]",0,2,3.246415853500366,1419040,1811126.879203793,0.9662024753385432,0.011819601058959961,14.995837211608887,5792,"[215007986.15330696, 9880009.920942107, 7092055.5445765685]","[39, 5, 4]","[7057821.485820166, 5503848.0, 7142984.0, 7171944.0]","['; gamma used= 0.22924892220200552', 'flipped coin but will not select greedily...', 'choosing randomly']"
158,1498485854.9494064,"26/06/2017 22:04:14",84,5,0.22924892220200552,41250000.0,"[0.40656212290725985, 0.2639804686411934, 1.0]","[0.26391283249919434, 0.1980508835156339, 0.5380362839851718]",-1,1,3.84307861328125,2161864,2906634.7940702373,1.5503628606428037,0.008424520492553711,14.998474836349487,0,"[217914620.9473772, 9880009.920942107, 7092055.5445765685]","[40, 5, 4]","[1811126.879203793]","['; gamma used= 0.22833557019814713', 'current gain: 1811126.879203793, prev block gain: [7057821.485820166, 5503848.0, 7142984.0, 7171944.0]', ' ----- switch back']"
159,1498485869.9563057,"26/06/2017 22:04:29",84,5,0.22833557019814713,41250000.0,"[0.4087397978576937, 0.2639804686411934, 1.0]","[0.26459296302609, 0.19773434863706124, 0.5376726883368489]",-1,1,0,3292752,3292752.0,1.7552625237740442,0,15.007450819015503,0,"[221207372.9473772, 9880009.920942107, 7092055.5445765685]","[41, 5, 4]","[1811126.879203793]","['; gamma used= 0.22743660195259535', 'no selection ----- in the middle of a block']"
160,1498485884.9637566,"26/06/2017 22:04:44",84,5,0.22833557019814713,41250000.0,"[0.41122084982779034, 0.2639804686411934, 1.0]","[0.2654575725762223, 0.19755377619951325, 0.5369886512242644]",-1,1,0,2827944,2827944.0,1.507565693147024,0,15.006677389144897,0,"[224035316.9473772, 9880009.920942107, 7092055.5445765685]","[42, 5, 4]","[1811126.879203793]","['; gamma used= 0.22743660195259535', 'no selection ----- in the middle of a block']"
161,1498485899.970434,"26/06/2017 22:04:59",84,5,0.22833557019814713,41250000.0,"[0.41336369193279726, 0.2639804686411934, 1.0]","[0.2662022624970519, 0.19739824880081513, 0.5363994887021329]",-1,1,0,1959144,1959144.0,1.0443296912445161,0,15.007858276367188,0,"[225994460.9473772, 9880009.920942107, 7092055.5445765685]","[43, 5, 4]","[1811126.879203793]","['; gamma used= 0.22743660195259535', 'no selection ----- in the middle of a block']"
162,1498485914.9782922,"26/06/2017 22:05:14",84,5,0.22833557019814713,41250000.0,"[0.4148547547602439, 0.2639804686411934, 1.0]","[0.2667193215917388, 0.1972902617665872, 0.5359904166416741]",-1,1,0,2743960,2743960.0,1.4625626288277433,0,15.009052991867065,0,"[228738420.9473772, 9880009.920942107, 7092055.5445765685]","[44, 5, 4]","[1811126.879203793]","['; gamma used= 0.22743660195259535', 'no selection ----- in the middle of a block']"
163,1498485929.9873452,"26/06/2017 22:05:29",85,5,0.22743660195259535,41250000.0,"[0.4169521705947736, 0.2639804686411934, 1.0]","[0.2674450943308601, 0.19713868519356764, 0.5354162204755722]",1,1,0,2015616,2015616.0,1.0745660366902048,0,15.005990743637085,0,"[230754036.9473772, 9880009.920942107, 7092055.5445765685]","[45, 5, 4]","[2906634.7940702373, 3292752.0, 2827944.0, 1959144.0, 2743960.0]","['; gamma used= 0.22743660195259535', 'flipped coin and will select greedily...', 'averageBytePerNet:[5198600.476076755, 1976001.9841884214, 1773013.8861441421], numNetworkHighestAverageByte: 1', 'choosing greedily']"
164,1498485944.993336,"26/06/2017 22:05:44",85,5,0.22743660195259535,41250000.0,"[0.4200406844358612, 0.2639804686411934, 1.0]","[0.26843627251090546, 0.19675990432402612, 0.5348038231650684]",1,1,0,2077880,2077880.0,1.107707166057994,0,15.006709814071655,0,"[232831916.9473772, 9880009.920942107, 7092055.5445765685]","[46, 5, 4]","[2906634.7940702373, 3292752.0, 2827944.0, 1959144.0, 2743960.0]","['; gamma used= 0.22655162567980835', 'no selection ----- in the middle of a block']"
165,1498485960.0000458,"26/06/2017 22:06:00",85,5,0.22743660195259535,41250000.0,"[0.42324855548695495, 0.2639804686411934, 1.0]","[0.2695400131071219, 0.19652938971792563, 0.5339305971749525]",1,1,0,2854008,2854008.0,1.5217315199052224,0,15.004002809524536,0,"[235685924.9473772, 9880009.920942107, 7092055.5445765685]","[47, 5, 4]","[2906634.7940702373, 3292752.0, 2827944.0, 1959144.0, 2743960.0]","['; gamma used= 0.22655162567980835', 'no selection ----- in the middle of a block']"
166,1498485975.0040486,"26/06/2017 22:06:15",85,5,0.22743660195259535,41250000.0,"[0.42769459951033323, 0.2639804686411934, 1.0]","[0.2710628537755114, 0.19621134667590023, 0.5327257995485883]",1,1,0,4975328,4975328.0,2.6523823400901034,0,15.006367444992065,0,"[240661252.9473772, 9880009.920942107, 7092055.5445765685]","[48, 5, 4]","[2906634.7940702373, 3292752.0, 2827944.0, 1959144.0, 2743960.0]","['; gamma used= 0.22655162567980835', 'no selection ----- in the middle of a block']"
167,1498485990.010416,"26/06/2017 22:06:30",85,5,0.22743660195259535,41250000.0,"[0.43555725418415137, 0.2639804686411934, 1.0]","[0.2737364334983863, 0.19565297346863636, 0.5306105930329774]",1,1,0,5253344,5253344.0,2.801104367187743,0,15.003636598587036,0,"[245914596.9473772, 9880009.920942107, 7092055.5445765685]","[49, 5, 4]","[2906634.7940702373, 3292752.0, 2827944.0, 1959144.0, 2743960.0]","['; gamma used= 0.22655162567980835', 'no selection ----- in the middle of a block']"
168,1498486005.0140526,"26/06/2017 22:06:45",86,2,0.22655162567980835,41250000.0,"[0.44401620583251766, 0.2639804686411934, 1.0]","[0.2765852889054674, 0.1950579941915746, 0.5283567169029579]",0,3,4.2035231590271,4704552,6536746.2071265355,3.486968693281746,0.006814002990722656,14.996971368789673,4344,"[245914596.9473772, 9880009.920942107, 13628801.751703104]","[49, 5, 5]","[2015616.0, 2077880.0, 2854008.0, 4975328.0, 5253344.0]","['; gamma used= 0.22655162567980835', 'flipped coin but will not select greedily...', 'choosing randomly']"
169,1498486020.017838,"26/06/2017 22:07:00",86,2,0.22655162567980835,41250000.0,"[0.43411036229158506, 0.25809115832802865, 1.0]","[0.2738675294885796, 0.19332443709299285, 0.5328080334184275]",0,3,0,6731752,6731752.0,3.5892123269528606,0,15.004410743713379,0,"[245914596.9473772, 9880009.920942107, 20360553.751703106]","[49, 5, 6]","[2015616.0, 2077880.0, 2854008.0, 4975328.0, 5253344.0]","['; gamma used= 0.22568026466341165', 'current gain: 6536746.2071265355, prev block gain: [2015616.0, 2077880.0, 2854008.0, 4975328.0, 5253344.0]', 'no selection ----- in the middle of a block']"
170,1498486035.0222487,"26/06/2017 22:07:15",87,6,0.22568026466341165,41250000.0,"[0.4241399370940173, 0.25216345235326365, 1.0]","[0.27114589810722134, 0.19170634856811017, 0.5371477533246685]",1,1,4.546568870544434,1940320,2784362.80837448,1.4851512556516653,0.00804448127746582,14.998406648635864,0,"[248698959.7557517, 9880009.920942107, 20360553.751703106]","[50, 5, 6]","[6536746.2071265355, 6731752.0]","['; gamma used= 0.22568026466341165', 'flipped coin and will select greedily...', 'averageBytePerNet:[5018665.243824025, 1976001.9841884214, 3393425.625283851], numNetworkHighestAverageByte: 1', 'choosing greedily']"
171,1498486050.0286999,"26/06/2017 22:07:30",88,2,0.22568026466341165,41250000.0,"[0.4284527201204823, 0.25216345235326365, 1.0]","[0.2725629130416199, 0.19125015605627768, 0.5361869309021022]",-1,3,4.176873445510864,4753088,6587598.516345562,3.5136530522699374,0.005828857421875,14.998859405517578,1448,"[248698959.7557517, 9880009.920942107, 26948152.268048666]","[50, 5, 7]","[2784362.80837448]","['; gamma used= 0.2248221565113046', 'current gain: 2784362.80837448, prev block gain: [6536746.2071265355, 6731752.0]', ' ----- switch back']"
172,1498486065.0333881,"26/06/2017 22:07:45",88,2,0.2248221565113046,41250000.0,"[0.42337461509630775, 0.2491747620400169, 1.0]","[0.27109471487002273, 0.19027013492130446, 0.5386351502086728]",-1,3,0,4387440,4387440.0,2.3387510900242643,0,15.007804870605469,0,"[248698959.7557517, 9880009.920942107, 31335592.268048666]","[50, 5, 8]","[2784362.80837448]","['; gamma used= 0.22397695245557508', 'no selection ----- in the middle of a block']"
173,1498486080.041193,"26/06/2017 22:08:00",89,2,0.22397695245557508,41250000.0,"[0.42002595608026294, 0.24720392750312264, 1.0]","[0.2701628110054179, 0.18972166811335883, 0.5401155208812233]",0,3,0,3627304,3627304.0,1.9337534950673783,0,15.006272554397583,0,"[248698959.7557517, 9880009.920942107, 34962896.26804867]","[50, 5, 9]","[6587598.516345562, 4387440.0]","['; gamma used= 0.22397695245557508', 'flipped coin but will not select greedily...', 'choosing randomly']"
174,1498486095.0474656,"26/06/2017 22:08:15",89,2,0.22397695245557508,41250000.0,"[0.4149701886563031, 0.24422838385956175, 1.0]","[0.26867521108429293, 0.1887319519521831, 0.5425928369635239]",0,3,0,3168160,3168160.0,1.6886752346359086,0,15.008972406387329,0,"[248698959.7557517, 9880009.920942107, 38131056.26804867]","[50, 5, 10]","[6587598.516345562, 4387440.0]","['; gamma used= 0.22314431669405652', 'no selection ----- in the middle of a block']"
175,1498486110.056438,"26/06/2017 22:08:30",90,6,0.22314431669405652,41250000.0,"[0.41060419364231193, 0.2416588019104133, 1.0]","[0.2674379936225752, 0.18800379453408864, 0.5445582118433361]",1,1,4.6970908641815186,1670992,2433044.3702902836,1.2979137808066625,0.012899398803710938,14.996647119522095,10264,"[251132004.12604198, 9880009.920942107, 38131056.26804867]","[51, 5, 10]","[3627304.0, 3168160.0]","['; gamma used= 0.22314431669405652', 'flipped coin and will select greedily...', 'averageBytePerNet:[4973979.195115034, 1976001.9841884214, 3813105.626804867], numNetworkHighestAverageByte: 1', 'choosing greedily']"
176,1498486125.0659845,"26/06/2017 22:08:45",91,2,0.22314431669405652,41250000.0,"[0.4142095162271233, 0.2416588019104133, 1.0]","[0.2686408538436622, 0.18760266943886292, 0.5437564767174748]",-1,3,4.552862644195557,4862384,6981807.65291426,3.724116132721574,0.010465621948242188,14.998044967651367,2896,"[251132004.12604198, 9880009.920942107, 45112863.92096293]","[51, 5, 11]","[2433044.3702902836]","['; gamma used= 0.22232392577061855', 'current gain: 2433044.3702902836, prev block gain: [3627304.0, 3168160.0]', ' ----- switch back']"
177,1498486140.074495,"26/06/2017 22:09:00",91,2,0.22232392577061855,41250000.0,"[0.40906510344623265, 0.23865744008636244, 1.0]","[0.267105770200868, 0.1865948063968799, 0.5462994234022521]",-1,3,0,4753784,4753784.0,2.5345767666413863,0,15.004584789276123,0,"[251132004.12604198, 9880009.920942107, 49866647.92096293]","[51, 5, 12]","[2433044.3702902836]","['; gamma used= 0.22151546799151525', 'no selection ----- in the middle of a block']"
178,1498486155.0790799,"26/06/2017 22:09:15",92,7,0.22151546799151525,41250000.0,"[0.40559897823606894, 0.23663522757615937, 1.0]","[0.26610858676101046, 0.1860130279830089, 0.5478783852559806]",1,1,3.9440276622772217,1336504,1813344.4951974214,0.9672153159739271,0.0075092315673828125,14.998476266860962,0,"[252945348.6212394, 9880009.920942107, 49866647.92096293]","[52, 5, 12]","[6981807.65291426, 4753784.0]","['; gamma used= 0.22151546799151525', 'flipped coin and will select greedily...', 'averageBytePerNet:[4924156.943647882, 1976001.9841884214, 4155553.9934135773], numNetworkHighestAverageByte: 1', 'choosing greedily']"
179,1498486170.0850654,"26/06/2017 22:09:30",93,3,0.22151546799151525,41250000.0,"[0.4082311022749151, 0.23663522757615937, 1.0]","[0.266978801930817, 0.18568255087049595, 0.5473386471986871]",-1,3,3.189877510070801,1526192,1938508.8704397627,1.0340632055946528,0.010786056518554688,14.997217655181885,0,"[252945348.6212394, 9880009.920942107, 51805156.79140269]","[52, 5, 13]","[1813344.4951974214]","['; gamma used= 0.22071864287532608', 'current gain: 1813344.4951974214, prev block gain: [6981807.65291426, 4753784.0]', ' ----- switch back']"
180,1498486185.093069,"26/06/2017 22:09:45",93,3,0.22071864287532608,41250000.0,"[0.40682708810404034, 0.2358213767671601, 1.0]","[0.2665065713761134, 0.1852987611788678, 0.5481946674450187]",-1,3,0,4255672,4255672.0,2.269065810857718,0,15.004137754440308,0,"[252945348.6212394, 9880009.920942107, 56060828.79140269]","[52, 5, 14]","[1813344.4951974214]","['; gamma used= 0.21993316063421828', 'no selection ----- in the middle of a block']"
181,1498486200.0972068,"26/06/2017 22:10:00",93,3,0.22071864287532608,41250000.0,"[0.4037617231023621, 0.23404450738916835, 1.0]","[0.26561776561703193, 0.1847835560612293, 0.5495986783217387]",-1,3,0,2842520,2842520.0,1.515622477659146,0,15.003841876983643,0,"[252945348.6212394, 9880009.920942107, 58903348.79140269]","[52, 5, 15]","[1813344.4951974214]","['; gamma used= 0.21993316063421828', 'no selection ----- in the middle of a block']"
182,1498486215.1010487,"26/06/2017 22:10:15",94,7,0.21993316063421828,41250000.0,"[0.40172712960493134, 0.23286513498807856, 1.0]","[0.26502492560104224, 0.18443991043668423, 0.5505351639622735]",0,1,4.472957372665405,748616,1066836.5033039802,0.569145604201195,0.011618375778198242,14.9956214427948,2800,"[254012185.12454337, 9880009.920942107, 58903348.79140269]","[53, 5, 15]","[1938508.8704397627, 4255672.0, 2842520.0]","['; gamma used= 0.21993316063421828', 'flipped coin but will not select greedily...', 'choosing randomly']"
183,1498486230.1082885,"26/06/2017 22:10:30",95,3,0.21993316063421828,41250000.0,"[0.40460124927415003, 0.23286513498807856, 1.0]","[0.26599082800143986, 0.18409684540357374, 0.5499123265949865]",-1,3,4.511204481124878,1883848,2694267.758770598,1.4371678555675107,0.010870695114135742,14.997651100158691,0,"[254012185.12454337, 9880009.920942107, 61597616.55017329]","[53, 5, 16]","[1066836.5033039802]","['; gamma used= 0.21915874168443503', 'current gain: 1066836.5033039802, prev block gain: [1938508.8704397627, 4255672.0, 2842520.0]', ' ----- switch back']"
184,1498486245.1168103,"26/06/2017 22:10:45",95,3,0.21915874168443503,41250000.0,"[0.4026819902518902, 0.23176052022948007, 1.0]","[0.2653644661192634, 0.18362830540280745, 0.5510072284779292]",-1,3,0,2147384,2147384.0,1.1446290944706667,0,15.008418083190918,0,"[254012185.12454337, 9880009.920942107, 63745000.55017329]","[53, 5, 17]","[1066836.5033039802]","['; gamma used= 0.21839511618407473', 'no selection ----- in the middle of a block']"
185,1498486260.1252284,"26/06/2017 22:11:00",95,3,0.21915874168443503,41250000.0,"[0.4011588252014442, 0.230883874307804, 1.0]","[0.2649181597713189, 0.18337143721926483, 0.5517104030094163]",-1,3,0,3452032,3452032.0,1.8401952621863655,0,15.007242202758789,0,"[254012185.12454337, 9880009.920942107, 67197032.55017328]","[53, 5, 18]","[1066836.5033039802]","['; gamma used= 0.21839511618407473', 'no selection ----- in the middle of a block']"
186,1498486275.1324706,"26/06/2017 22:11:15",96,8,0.21839511618407473,41250000.0,"[0.39872232388376094, 0.22948156472705306, 1.0]","[0.2642014990369837, 0.18295896864942968, 0.5528395323135867]",1,1,4.436536550521851,1258312,1786842.3783155123,0.9530504208348626,0.00518488883972168,14.998932600021362,0,"[255799027.50285888, 9880009.920942107, 67197032.55017328]","[54, 5, 18]","[2694267.758770598, 2147384.0, 3452032.0]","['; gamma used= 0.21839511618407473', 'flipped coin and will select greedily...', 'averageBytePerNet:[4792682.738198931, 1976001.9841884214, 3733168.4750096267], numNetworkHighestAverageByte: 1', 'choosing greedily']"
187,1498486290.136588,"26/06/2017 22:11:30",97,3,0.21839511618407473,41250000.0,"[0.40123623461091196, 0.22948156472705306, 1.0]","[0.26504561937877075, 0.1826440928713876, 0.5523102877498417]",-1,3,4.480447769165039,2339968,3336902.4180876627,1.7800621178064937,0.011631250381469727,14.996790885925293,2896,"[255799027.50285888, 9880009.920942107, 70533934.96826094]","[54, 5, 19]","[1786842.3783155123]","['; gamma used= 0.21764202359637289', 'current gain: 1786842.3783155123, prev block gain: [2694267.758770598, 2147384.0, 3452032.0]', ' ----- switch back']"
188,1498486305.1450102,"26/06/2017 22:11:45",97,3,0.21764202359637289,41250000.0,"[0.39889638998928206, 0.22814332266745815, 1.0]","[0.26429018166035295, 0.18210604043399936, 0.5536037779056477]",-1,3,0,3790864,3790864.0,2.020626391637714,0,15.008668661117554,0,"[255799027.50285888, 9880009.920942107, 74324798.96826094]","[54, 5, 20]","[1786842.3783155123]","['; gamma used= 0.21689921227683306', 'no selection ----- in the middle of a block']"
189,1498486320.153679,"26/06/2017 22:12:00",97,3,0.21764202359637289,41250000.0,"[0.3962547776845461, 0.22663248871777536, 1.0]","[0.2635067515959408, 0.18165796834696601, 0.5548352800570931]",-1,3,0,3140712,3140712.0,1.674235581583162,0,15.007264375686646,0,"[255799027.50285888, 9880009.920942107, 77465510.96826094]","[54, 5, 21]","[1786842.3783155123]","['; gamma used= 0.21689921227683306', 'no selection ----- in the middle of a block']"
190,1498486335.1609433,"26/06/2017 22:12:15",98,3,0.21689921227683306,41250000.0,"[0.3940794705178062, 0.22538835160022533, 1.0]","[0.2628585985361781, 0.18128726608852916, 0.5558541353752926]",0,3,0,3080088,3080088.0,1.6422344082315712,0,15.004376888275146,0,"[255799027.50285888, 9880009.920942107, 80545598.96826094]","[54, 5, 22]","[3336902.4180876627, 3790864.0, 3140712.0]","['; gamma used= 0.21689921227683306', 'flipped coin but will not select greedily...', 'choosing randomly']"
191,1498486350.1653202,"26/06/2017 22:12:30",98,3,0.21689921227683306,41250000.0,"[0.3902834459816507, 0.22321726739806202, 1.0]","[0.26165394760571015, 0.18049372463083113, 0.5578523277634587]",0,3,0,3961536,3961536.0,2.1112845607329227,0,15.010903120040894,0,"[255799027.50285888, 9880009.920942107, 84507134.96826094]","[54, 5, 23]","[3336902.4180876627, 3790864.0, 3140712.0]","['; gamma used= 0.216166439082676', 'no selection ----- in the middle of a block']"
192,1498486365.1762233,"26/06/2017 22:12:45",98,3,0.21689921227683306,41250000.0,"[0.385454799335526, 0.2204555891340307, 1.0]","[0.26019325506771435, 0.17965830155512247, 0.5601484433771633]",0,3,0,4212232,4212232.0,2.2455311455895925,0,15.006630420684814,0,"[255799027.50285888, 9880009.920942107, 88719366.96826094]","[54, 5, 24]","[3336902.4180876627, 3790864.0, 3140712.0]","['; gamma used= 0.216166439082676', 'no selection ----- in the middle of a block']"
193,1498486380.1828537,"26/06/2017 22:13:00",99,9,0.216166439082676,41250000.0,"[0.3803860977832622, 0.217556614756814, 1.0]","[0.2586450158578517, 0.17877280736042295, 0.5625821767817253]",1,1,4.531185865402222,1110616,1591357.9188085159,0.8487701596691695,0.004282951354980469,14.99918818473816,0,"[257390385.4216674, 9880009.920942107, 88719366.96826094]","[55, 5, 24]","[3080088.0, 3961536.0, 4212232.0]","['; gamma used= 0.216166439082676', 'flipped coin and will select greedily...', 'averageBytePerNet:[4737019.02783072, 1976001.9841884214, 3696640.290344206], numNetworkHighestAverageByte: 1', 'choosing greedily']"
194,1498486395.1863248,"26/06/2017 22:13:15",100,4,0.216166439082676,41250000.0,"[0.38249965685079873, 0.217556614756814, 1.0]","[0.25936577096412017, 0.17848915230164059, 0.5621450767342393]",-1,3,3.3942599296569824,2271216,2935555.1311395485,1.5657943584931875,0.00893092155456543,14.998419761657715,0,"[257390385.4216674, 9880009.920942107, 91654922.09940049]","[55, 5, 25]","[1591357.9188085159]","['; gamma used= 0.2154434690031884', 'current gain: 1591357.9188085159, prev block gain: [3080088.0, 3961536.0, 4212232.0]', ' ----- switch back']"
195,1498486410.1936755,"26/06/2017 22:13:30",100,4,0.2154434690031884,41250000.0,"[0.38055625177020647, 0.21645125263984935, 1.0]","[0.2587012846518286, 0.17800866421354145, 0.56329005113463]",-1,3,0,2774368,2774368.0,1.478920165373334,0,15.007533550262451,0,"[257390385.4216674, 9880009.920942107, 94429290.09940049]","[55, 5, 26]","[1591357.9188085159]","['; gamma used= 0.2147300748096567', 'no selection ----- in the middle of a block']"
196,1498486425.201209,"26/06/2017 22:13:45",100,4,0.2154434690031884,41250000.0,"[0.3787286328126006, 0.2154117468877247, 1.0]","[0.25813755471371824, 0.1776880281691013, 0.5641744171171805]",-1,3,0,4028336,4028336.0,2.147415448191747,0,15.007197618484497,0,"[257390385.4216674, 9880009.920942107, 98457626.09940049]","[55, 5, 27]","[1591357.9188085159]","['; gamma used= 0.2147300748096567', 'no selection ----- in the middle of a block']"
197,1498486440.2084067,"26/06/2017 22:14:00",100,4,0.2154434690031884,41250000.0,"[0.3760905736340289, 0.2139112822098124, 1.0]","[0.25732025884305026, 0.17722316991447906, 0.5654565712424707]",-1,3,0,2945232,2945232.0,1.5700687597576473,0,15.00689435005188,0,"[257390385.4216674, 9880009.920942107, 101402858.09940049]","[55, 5, 28]","[1591357.9188085159]","['; gamma used= 0.2147300748096567', 'no selection ----- in the middle of a block']"
198,1498486455.215301,"26/06/2017 22:14:15",101,9,0.2147300748096567,41250000.0,"[0.37417344895187554, 0.2128208677520585, 1.0]","[0.25672364088587835, 0.17688382795497484, 0.5663925311591469]",1,1,4.377922296524048,1093240,1543909.1619102815,0.8235306730192096,0.010687112808227539,14.997951745986938,4344,"[258934294.5835777, 9880009.920942107, 101402858.09940049]","[56, 5, 28]","[2935555.1311395485, 2774368.0, 4028336.0, 2945232.0]","['; gamma used= 0.2147300748096567', 'flipped coin and will select greedily...', 'averageBytePerNet:[4679825.189484862, 1976001.9841884214, 3621530.6464071604], numNetworkHighestAverageByte: 1', 'choosing greedily']"
199,1498486470.22394,"26/06/2017 22:14:30",102,4,0.2147300748096567,41250000.0,"[0.3761770270538676, 0.2128208677520585, 1.0]","[0.25741233355096066, 0.17661066076603563, 0.5659770056830038]",-1,3,4.511873006820679,2392860,3422383.58026458,1.8254477973262646,0.009114980697631836,14.998549222946167,0,"[258934294.5835777, 9880009.920942107, 104825241.67966507]","[56, 5, 29]","[1543909.1619102815]","['; gamma used= 0.2140260367236655', 'current gain: 1543909.1619102815, prev block gain: [2935555.1311395485, 2774368.0, 4028336.0, 2945232.0]', ' ----- switch back']"
200,1498486485.231604,"26/06/2017 22:14:45",102,4,0.2140260367236655,41250000.0,"[0.37396418963065325, 0.21156896254059201, 1.0]","[0.25665426639535105, 0.17608120007505434, 0.5672645335295946]",-1,3,0,3492720,3492720.0,1.8618356305533672,0,15.007640600204468,0,"[258934294.5835777, 9880009.920942107, 108317961.67966507]","[56, 5, 30]","[1543909.1619102815]","['; gamma used= 0.21333114210262794', 'no selection ----- in the middle of a block']"
201,1498486500.2392447,"26/06/2017 22:15:00",102,4,0.2140260367236655,41250000.0,"[0.3717192946009101, 0.21029892084776475, 1.0]","[0.25595022014557023, 0.17568288831479234, 0.5683668915396375]",-1,3,0,4418172,4418172.0,2.355412858822212,0,15.006021499633789,0,"[258934294.5835777, 9880009.920942107, 112736133.67966507]","[56, 5, 31]","[1543909.1619102815]","['; gamma used= 0.21333114210262794', 'no selection ----- in the middle of a block']"
202,1498486515.2452662,"26/06/2017 22:15:15",102,4,0.2140260367236655,41250000.0,"[0.36889887362254337, 0.20870327731593324, 1.0]","[0.25506123004501485, 0.17517994520286204, 0.5697588247521231]",-1,3,0,3091176,3091176.0,1.6478916351198027,0,15.00669550895691,0,"[258934294.5835777, 9880009.920942107, 115827309.67966507]","[56, 5, 32]","[1543909.1619102815]","['; gamma used= 0.21333114210262794', 'no selection ----- in the middle of a block']"
203,1498486530.2519617,"26/06/2017 22:15:30",103,10,0.21333114210262794,41250000.0,"[0.3669382985184621, 0.20759408864959847, 1.0]","[0.25444032333451266, 0.17482866935287975, 0.5707310073126076]",0,1,4.521454572677612,1000568,1432507.6648316279,0.7642490404601499,0.011963605880737305,14.995192289352417,0,"[260366802.24840933, 9880009.920942107, 115827309.67966507]","[57, 5, 32]","[3422383.58026458, 3492720.0, 4418172.0, 3091176.0]","['; gamma used= 0.21333114210262794', 'flipped coin but will not select greedily...', 'choosing randomly']"
204,1498486545.2591176,"26/06/2017 22:15:45",104,4,0.21333114210262794,41250000.0,"[0.3705054114121776, 0.20759408864959847, 1.0]","[0.25573649805445725, 0.17445580924677218, 0.5698076926987706]",-1,3,3.5418689250946045,3504160,4587561.208588023,2.447072393700361,0.010910511016845703,14.997713088989258,0,"[260366802.24840933, 9880009.920942107, 120414870.8882531]","[57, 5, 33]","[1432507.6648316279]","['; gamma used= 0.2126451851414951', 'current gain: 1432507.6648316279, prev block gain: [3422383.58026458, 3492720.0, 4418172.0, 3091176.0]', ' ----- switch back']"
205,1498486560.2677412,"26/06/2017 22:16:00",104,4,0.2126451851414951,41250000.0,"[0.3676054230988899, 0.20596922592843914, 1.0]","[0.25474947895366457, 0.17380352497068835, 0.5714469960756471]",-1,3,0,2085120,2085120.0,1.1115034831496893,0,15.007564306259155,0,"[260366802.24840933, 9880009.920942107, 122499990.8882531]","[57, 5, 34]","[1432507.6648316279]","['; gamma used= 0.2119679665896653', 'no selection ----- in the middle of a block']"
206,1498486575.2753055,"26/06/2017 22:16:15",104,4,0.2126451851414951,41250000.0,"[0.3662948457143583, 0.20523490975014197, 1.0]","[0.2543318442470055, 0.17356952434978817, 0.5720986314032063]",-1,3,0,2913376,2913376.0,1.5530089289202762,0,15.007645845413208,0,"[260366802.24840933, 9880009.920942107, 125413366.8882531]","[57, 5, 35]","[1432507.6648316279]","['; gamma used= 0.2119679665896653', 'no selection ----- in the middle of a block']"
207,1498486590.2829514,"26/06/2017 22:16:30",104,4,0.2126451851414951,41250000.0,"[0.36447149922455263, 0.20421328917137382, 1.0]","[0.2537489969542431, 0.17324295515852667, 0.5730080478872303]",-1,3,0,2532552,2532552.0,1.3501042040910542,0,15.00655722618103,0,"[260366802.24840933, 9880009.920942107, 127945918.8882531]","[57, 5, 36]","[1432507.6648316279]","['; gamma used= 0.2119679665896653', 'no selection ----- in the middle of a block']"
208,1498486605.2895086,"26/06/2017 22:16:45",105,2,0.2119679665896653,41250000.0,"[0.36289386855773464, 0.20332934310630704, 1.0]","[0.2532429860562093, 0.17295943737986935, 0.5737975765639213]",0,2,5.0536229610443115,1226456,1849912.9001939765,0.9869464421859308,0.01207423210144043,14.995041847229004,2896,"[260366802.24840933, 11729922.821136083, 127945918.8882531]","[57, 6, 36]","[4587561.208588023, 2085120.0, 2913376.0, 2532552.0]","['; gamma used= 0.2119679665896653', 'flipped coin but will not select greedily...', 'choosing randomly']"
209,1498486620.2966247,"26/06/2017 22:17:00",106,5,0.2119679665896653,41250000.0,"[0.36289386855773464, 0.20707675641801998, 1.0]","[0.2527388339789157, 0.17446153090258792, 0.5727996351184963]",-1,3,4.333506345748901,4797280,6746644.114232999,3.5986823762615114,0.011256933212280273,14.998031854629517,2896,"[260366802.24840933, 11729922.821136083, 134692563.00248608]","[57, 6, 37]","[1849912.9001939765]","['; gamma used= 0.21129929348218257', 'current gain: 1849912.9001939765, prev block gain: [4587561.208588023, 2085120.0, 2913376.0, 2532552.0]', ' ----- switch back']"
210,1498486635.3059134,"26/06/2017 22:17:15",106,5,0.21129929348218257,41250000.0,"[0.3587503460642984, 0.20471235384077066, 1.0]","[0.25133886153004836, 0.1735681626578928, 0.5750929758120589]",-1,3,0,2945264,2945264.0,1.5702166128469381,0,15.00564432144165,0,"[260366802.24840933, 11729922.821136083, 137637827.00248608]","[57, 6, 38]","[1849912.9001939765]","['; gamma used= 0.2106389788843754', 'no selection ----- in the middle of a block']"
211,1498486650.3115578,"26/06/2017 22:17:30",106,5,0.21129929348218257,41250000.0,"[0.35695634813975363, 0.20368865158668784, 1.0]","[0.25075849018260105, 0.17323698754979577, 0.5760045222676031]",-1,3,0,3289824,3289824.0,1.7538527717070196,0,15.006158113479614,0,"[260366802.24840933, 11729922.821136083, 140927651.00248608]","[57, 6, 39]","[1849912.9001939765]","['; gamma used= 0.2106389788843754', 'no selection ----- in the middle of a block']"
212,1498486665.317716,"26/06/2017 22:17:45",106,5,0.21129929348218257,41250000.0,"[0.35496307914394215, 0.20255124003448474, 1.0]","[0.25011119046837316, 0.17286762136076278, 0.577021188170864]",-1,3,0,2409472,2409472.0,1.2847601255625243,0,15.00340461730957,0,"[260366802.24840933, 11729922.821136083, 143337123.00248608]","[57, 6, 40]","[1849912.9001939765]","['; gamma used= 0.2106389788843754', 'no selection ----- in the middle of a block']"
213,1498486680.3211205,"26/06/2017 22:18:00",106,5,0.21129929348218257,41250000.0,"[0.35351027078165936, 0.20172222949056415, 1.0]","[0.24963775952866174, 0.17259746925328018, 0.5777647712180581]",-1,3,0,4907272,4907272.0,2.616180930462182,0,15.005910158157349,0,"[260366802.24840933, 11729922.821136083, 148244395.00248608]","[57, 6, 41]","[1849912.9001939765]","['; gamma used= 0.2106389788843754', 'no selection ----- in the middle of a block']"
214,1498486695.3270307,"26/06/2017 22:18:15",107,5,0.2106389788843754,41250000.0,"[0.35056975734336276, 0.20004429542288182, 1.0]","[0.24867526159312944, 0.1720482426947241, 0.5792764957121463]",0,3,0,3829960,3829960.0,2.042174119012106,0,15.003461122512817,0,"[260366802.24840933, 11729922.821136083, 152074355.00248608]","[57, 6, 42]","[6746644.114232999, 2945264.0, 3289824.0, 2409472.0, 4907272.0]","['; gamma used= 0.2106389788843754', 'flipped coin but will not select greedily...', 'choosing randomly']"
215,1498486710.3304918,"26/06/2017 22:18:30",107,5,0.2106389788843754,41250000.0,"[0.3466586858959774, 0.19781253550733827, 1.0]","[0.24731515180593883, 0.17117879151166818, 0.5815060566823931]",0,3,0,4763920,4763920.0,2.5401981345697435,0,15.003302097320557,0,"[260366802.24840933, 11729922.821136083, 156838275.00248608]","[57, 6, 43]","[6746644.114232999, 2945264.0, 3289824.0, 2409472.0, 4907272.0]","['; gamma used= 0.20998684164914555', 'no selection ----- in the middle of a block']"
216,1498486725.3337939,"26/06/2017 22:18:45",107,5,0.2106389788843754,41250000.0,"[0.3418547104631799, 0.19507126116591936, 1.0]","[0.24571632164353174, 0.1702664570999285, 0.5840172212565399]",0,3,0,4122456,4122456.0,2.1981540579506667,0,15.003337860107422,0,"[260366802.24840933, 11729922.821136083, 160960731.00248608]","[57, 6, 44]","[6746644.114232999, 2945264.0, 3289824.0, 2409472.0, 4907272.0]","['; gamma used= 0.20998684164914555', 'no selection ----- in the middle of a block']"
217,1498486740.3371317,"26/06/2017 22:19:00",107,5,0.2106389788843754,41250000.0,"[0.33775135661259686, 0.19272977986949744, 1.0]","[0.24433818473506447, 0.1694800560454286, 0.586181759219507]",0,3,0,6004888,6004888.0,3.2018847166316076,0,15.00338339805603,0,"[260366802.24840933, 11729922.821136083, 166965619.00248608]","[57, 6, 45]","[6746644.114232999, 2945264.0, 3289824.0, 2409472.0, 4907272.0]","['; gamma used= 0.20998684164914555', 'no selection ----- in the middle of a block']"
218,1498486755.3405151,"26/06/2017 22:19:15",107,5,0.2106389788843754,41250000.0,"[0.331862256205915, 0.1893693047661775, 1.0]","[0.2423398880152134, 0.16833977554206236, 0.5893203364427243]",0,3,0,4259984,4259984.0,2.271403132496529,0,15.003885269165039,0,"[260366802.24840933, 11729922.821136083, 171225603.00248608]","[57, 6, 46]","[6746644.114232999, 2945264.0, 3289824.0, 2409472.0, 4907272.0]","['; gamma used= 0.20998684164914555', 'no selection ----- in the middle of a block']"
219,1498486770.3444004,"26/06/2017 22:19:30",108,11,0.20998684164914555,41250000.0,"[0.3277467818380816, 0.18702090718481454, 1.0]","[0.2409289339793142, 0.16753464817418998, 0.5915364178464959]",0,1,4.530580282211304,1135232,1626569.2262583373,0.867592574289002,0.00547337532043457,14.998461484909058,0,"[261993371.47466767, 11729922.821136083, 171225603.00248608]","[58, 6, 46]","[3829960.0, 4763920.0, 4122456.0, 6004888.0, 4259984.0]","['; gamma used= 0.20998684164914555', 'flipped coin but will not select greedily...', 'choosing randomly']"
220,1498486785.3483353,"26/06/2017 22:19:45",109,6,0.20998684164914555,41250000.0,"[0.3315113659810213, 0.18702090718481454, 1.0]","[0.24238960068960022, 0.1671574590008661, 0.5904529403095338]",-1,3,6.608515739440918,2441328,4364300.968065888,2.327872755558962,0.009131908416748047,14.998417615890503,0,"[261993371.47466767, 11729922.821136083, 175589903.97055197]","[58, 6, 47]","[1626569.2262583373]","['; gamma used= 0.20934270618616926', 'current gain: 1626569.2262583373, prev block gain: [3829960.0, 4763920.0, 4122456.0, 6004888.0, 4259984.0]', ' ----- switch back']"
221,1498486800.3558848,"26/06/2017 22:20:00",109,6,0.20934270618616926,41250000.0,"[0.3290802462107647, 0.18564939998607083, 1.0]","[0.24148006730837812, 0.16655190397340267, 0.5919680287182192]",-1,3,0,5026008,5026008.0,2.679751622053373,0,15.004399538040161,0,"[261993371.47466767, 11729922.821136083, 180615911.97055197]","[58, 6, 48]","[1626569.2262583373]","['; gamma used= 0.2087064022423232', 'no selection ----- in the middle of a block']"
222,1498486815.3602843,"26/06/2017 22:20:15",109,6,0.20934270618616926,41250000.0,"[0.326302604554418, 0.184082403750913, 1.0]","[0.24051936003912164, 0.16600992453175153, 0.5934707154291269]",-1,3,0,5516880,5516880.0,2.940964117006526,0,15.006997108459473,0,"[261993371.47466767, 11729922.821136083, 186132791.97055197]","[58, 6, 49]","[1626569.2262583373]","['; gamma used= 0.2087064022423232', 'no selection ----- in the middle of a block']"
223,1498486830.3672814,"26/06/2017 22:20:30",109,6,0.20934270618616926,41250000.0,"[0.3232806647892369, 0.18237758764402154, 1.0]","[0.23946785978900012, 0.16541672456679452, 0.5951154156442054]",-1,3,0,4177480,4177480.0,2.2269621237203223,0,15.006918907165527,0,"[261993371.47466767, 11729922.821136083, 190310271.97055197]","[58, 6, 50]","[1626569.2262583373]","['; gamma used= 0.2087064022423232', 'no selection ----- in the middle of a block']"
224,1498486845.3742003,"26/06/2017 22:20:45",109,6,0.20934270618616926,41250000.0,"[0.32101103153816785, 0.18109718246594975, 1.0]","[0.23867377713833882, 0.1649687457855334, 0.5963574770761279]",-1,3,0,4653872,4653872.0,2.481307831610633,0,15.00457763671875,0,"[261993371.47466767, 11729922.821136083, 194964143.97055197]","[58, 6, 51]","[1626569.2262583373]","['; gamma used= 0.2087064022423232', 'no selection ----- in the middle of a block']"
225,1498486860.378778,"26/06/2017 22:21:00",109,6,0.20934270618616926,41250000.0,"[0.31850133207272957, 0.1796813448237062, 1.0]","[0.23779132049285162, 0.16447091114296575, 0.5977377683641827]",-1,3,0,4233952,4233952.0,2.2574733112597087,0,15.004215478897095,0,"[261993371.47466767, 11729922.821136083, 199198095.97055197]","[58, 6, 52]","[1626569.2262583373]","['; gamma used= 0.2087064022423232', 'no selection ----- in the middle of a block']"
226,1498486875.3829935,"26/06/2017 22:21:15",110,12,0.2087064022423232,41250000.0,"[0.31623513276846255, 0.17840287689398257, 1.0]","[0.23699050040182582, 0.1640191314597194, 0.5989903681384549]",1,1,4.28244161605835,564720,790388.8023210325,0.4215703517821553,0.005112171173095703,14.998944759368896,0,"[262783760.27698871, 11729922.821136083, 199198095.97055197]","[59, 6, 52]","[4364300.968065888, 5026008.0, 5516880.0, 4177480.0, 4653872.0, 4233952.0]","['; gamma used= 0.2087064022423232', 'flipped coin and will select greedily...', 'averageBytePerNet:[4517127.094390822, 1954987.136856014, 3830732.614818307], numNetworkHighestAverageByte: 1', 'choosing greedily']"
227,1498486890.3870504,"26/06/2017 22:21:30",111,6,0.2087064022423232,41250000.0,"[0.31707679658670296, 0.17840287689398257, 1.0]","[0.23726535885188535, 0.16383142162806152, 0.5989032195200532]",-1,3,4.364419460296631,4083360,5759290.2023734115,3.0719874065624406,0.00937962532043457,14.998213052749634,1448,"[262783760.27698871, 11729922.821136083, 204957386.17292538]","[59, 6, 53]","[790388.8023210325]","['; gamma used= 0.2080777646926925', 'current gain: 790388.8023210325, prev block gain: [4364300.968065888, 5026008.0, 5516880.0, 4177480.0, 4653872.0, 4233952.0]', ' ----- switch back']"
228,1498486905.394643,"26/06/2017 22:21:45",111,6,0.2080777646926925,41250000.0,"[0.314030159821433, 0.17668869039523474, 1.0]","[0.23610691223740388, 0.16308907218994245, 0.6008040155726537]",-1,3,0,6122144,6122144.0,3.263359771194397,0,15.008198738098145,0,"[262783760.27698871, 11729922.821136083, 211079530.17292538]","[59, 6, 54]","[790388.8023210325]","['; gamma used= 0.2074566333415609', 'no selection ----- in the middle of a block']"
229,1498486920.4028418,"26/06/2017 22:22:00",111,6,0.2080777646926925,41250000.0,"[0.310823666905964, 0.1748845610265207, 1.0]","[0.234959487923233, 0.16244347528449304, 0.602597036792274]",-1,3,0,7022800,7022800.0,3.743751969209878,0,15.006977081298828,0,"[262783760.27698871, 11729922.821136083, 218102330.17292538]","[59, 6, 55]","[790388.8023210325]","['; gamma used= 0.2074566333415609', 'no selection ----- in the middle of a block']"
230,1498486935.409819,"26/06/2017 22:22:15",111,6,0.2080777646926925,41250000.0,"[0.3071857522961072, 0.1728376927621769, 1.0]","[0.23364827442092823, 0.1617057225900304, 0.6046460029890414]",-1,3,0,6172856,6172856.0,3.2913984920629273,0,15.00360655784607,0,"[262783760.27698871, 11729922.821136083, 224275186.17292538]","[59, 6, 56]","[790388.8023210325]","['; gamma used= 0.2074566333415609', 'no selection ----- in the middle of a block']"
231,1498486950.4134254,"26/06/2017 22:22:30",111,6,0.2080777646926925,41250000.0,"[0.30402329864238076, 0.17105834203092776, 1.0]","[0.23250021979671737, 0.1610597710413978, 0.6064400091618849]",-1,3,0,3088552,3088552.0,1.646409167984159,0,15.007457733154297,0,"[262783760.27698871, 11729922.821136083, 227363738.17292538]","[59, 6, 57]","[790388.8023210325]","['; gamma used= 0.2074566333415609', 'no selection ----- in the middle of a block']"
232,1498486965.4208832,"26/06/2017 22:22:45",111,6,0.2080777646926925,41250000.0,"[0.3024532248512535, 0.1701749419073985, 1.0]","[0.23192737900156646, 0.16073746285941382, 0.6073351581390197]",-1,3,0,3418856,3418856.0,1.822973461440049,0,15.003426313400269,0,"[262783760.27698871, 11729922.821136083, 230782594.17292538]","[59, 6, 58]","[790388.8023210325]","['; gamma used= 0.2074566333415609', 'no selection ----- in the middle of a block']"
233,1498486980.4243095,"26/06/2017 22:23:00",112,14,0.2074566333415609,41250000.0,"[0.3007246938341828, 0.16920238601694704, 1.0]","[0.23129451365093578, 0.16038138193373763, 0.6083241044153266]",1,1,3.3974690437316895,1601488,2070504.3285273265,1.1043899384870839,0.009291410446166992,14.998357057571411,5920,"[264854264.60551605, 11729922.821136083, 230782594.17292538]","[60, 6, 58]","[5759290.2023734115, 6122144.0, 7022800.0, 6172856.0, 3088552.0, 3418856.0]","['; gamma used= 0.2074566333415609', 'flipped coin and will select greedily...', 'averageBytePerNet:[4453962.038593029, 1954987.136856014, 3979010.2443607827], numNetworkHighestAverageByte: 1', 'choosing greedily']"
234,1498486995.431958,"26/06/2017 22:23:15",113,7,0.2074566333415609,41250000.0,"[0.30281338580301326, 0.16920238601694704, 1.0]","[0.23211067998208346, 0.16011789195454224, 0.6077714280633744]",-1,3,4.3240885734558105,4527896,6362135.5148827685,3.393528108822886,0.008886098861694336,14.998279809951782,0,"[264854264.60551605, 11729922.821136083, 237144729.68780816]","[60, 6, 59]","[2070504.3285273265]","['; gamma used= 0.2068428527328215', 'current gain: 2070504.3285273265, prev block gain: [5759290.2023734115, 6122144.0, 7022800.0, 6172856.0, 3088552.0, 3418856.0]', ' ----- switch back']"
235,1498487010.4391239,"26/06/2017 22:23:30",113,7,0.2068428527328215,41250000.0,"[0.2996196610781517, 0.1674178353033289, 1.0]","[0.23085935751586795, 0.15932947887382726, 0.6098111636103046]",-1,3,0,6547856,6547856.0,3.491147592426355,0,15.004478216171265,0,"[264854264.60551605, 11729922.821136083, 243692585.68780816]","[60, 6, 60]","[2070504.3285273265]","['; gamma used= 0.20623627196928387', 'no selection ----- in the middle of a block']"
236,1498487025.443602,"26/06/2017 22:23:45",113,7,0.2068428527328215,41250000.0,"[0.29636787599363856, 0.16560084232709416, 1.0]","[0.22965589161417616, 0.15865702081350636, 0.6116870875723174]",-1,3,0,3767696,3767696.0,2.008603962154079,0,15.006227493286133,0,"[264854264.60551605, 11729922.821136083, 247460281.68780816]","[60, 6, 61]","[2070504.3285273265]","['; gamma used= 0.20623627196928387', 'no selection ----- in the middle of a block']"
237,1498487040.4498296,"26/06/2017 22:24:00",113,7,0.2068428527328215,41250000.0,"[0.29451278997070884, 0.1645642798894264, 1.0]","[0.22896558983904458, 0.15827130237138975, 0.6127631077895657]",-1,3,0,3783624,3783624.0,2.017136712344495,0,15.005919933319092,0,"[264854264.60551605, 11729922.821136083, 251243905.68780816]","[60, 6, 62]","[2070504.3285273265]","['; gamma used= 0.20623627196928387', 'no selection ----- in the middle of a block']"
238,1498487055.4557495,"26/06/2017 22:24:15",113,7,0.2068428527328215,41250000.0,"[0.2926615469045908, 0.16352986477249273, 1.0]","[0.22827398504251573, 0.1578848558428021, 0.6138411591146822]",-1,3,0,3111752,3111752.0,1.6592087242869185,0,15.003546953201294,0,"[264854264.60551605, 11729922.821136083, 254355657.68780816]","[60, 6, 63]","[2070504.3285273265]","['; gamma used= 0.20623627196928387', 'no selection ----- in the middle of a block']"
239,1498487070.4592965,"26/06/2017 22:24:30",113,7,0.2068428527328215,41250000.0,"[0.29114775958114003, 0.1626840090770094, 1.0]","[0.22770640973450001, 0.157567713005454, 0.614725877260046]",-1,3,0,3924080,3924080.0,2.092369348557652,0,15.003393173217773,0,"[264854264.60551605, 11729922.821136083, 258279737.68780816]","[60, 6, 64]","[2070504.3285273265]","['; gamma used= 0.20623627196928387', 'no selection ----- in the middle of a block']"
240,1498487085.4626896,"26/06/2017 22:24:45",113,7,0.2068428527328215,41250000.0,"[0.2892499534571616, 0.16162357602011798, 1.0]","[0.22699224338799417, 0.15716865980798272, 0.6158390968040232]",-1,3,0,4468528,4468528.0,2.3826518260017266,0,15.003545045852661,0,"[264854264.60551605, 11729922.821136083, 262748265.68780816]","[60, 6, 65]","[2070504.3285273265]","['; gamma used= 0.20623627196928387', 'no selection ----- in the middle of a block']"
241,1498487100.4662347,"26/06/2017 22:25:00",114,15,0.20623627196928387,41250000.0,"[0.28710389513543927, 0.16042442761522166, 1.0]","[0.2261811401364366, 0.15671544138401608, 0.6171034184795473]",1,1,4.297256708145142,1381392,1936113.6732274534,1.032699158374259,0.008991479873657227,14.998471975326538,1448,"[266790378.2787435, 11729922.821136083, 262748265.68780816]","[61, 6, 65]","[6362135.5148827685, 6547856.0, 3767696.0, 3783624.0, 3111752.0, 3924080.0, 4468528.0]","['; gamma used= 0.20623627196928387', 'flipped coin and will select greedily...', 'averageBytePerNet:[4414237.743425268, 1954987.136856014, 4042281.010581664], numNetworkHighestAverageByte: 1', 'choosing greedily']"
242,1498487115.4736981,"26/06/2017 22:25:15",115,7,0.20623627196928387,41250000.0,"[0.2889572280243874, 0.16042442761522166, 1.0]","[0.22691449935432156, 0.15646946966246408, 0.6166160309832144]",-1,3,3.8946828842163086,5661776,7647912.178096968,4.079687588729823,0.011471271514892578,14.99705457687378,4344,"[266790378.2787435, 11729922.821136083, 270396177.8659051]","[61, 6, 66]","[1936113.6732274534]","['; gamma used= 0.20563674454038525', 'current gain: 1936113.6732274534, prev block gain: [6362135.5148827685, 6547856.0, 3767696.0, 3783624.0, 3111752.0, 3924080.0, 4468528.0]', ' ----- switch back']"
243,1498487130.482224,"26/06/2017 22:25:30",115,7,0.20563674454038525,41250000.0,"[0.2853186658460175, 0.1584043561368293, 1.0]","[0.22545279571334764, 0.15557008678103032, 0.618977117505622]",-1,3,0,7419456,7419456.0,3.955642824115284,0,15.005310297012329,0,"[266790378.2787435, 11729922.821136083, 277815633.8659051]","[61, 6, 67]","[1936113.6732274534]","['; gamma used= 0.20504412815784637', 'no selection ----- in the middle of a block']"
244,1498487145.4875343,"26/06/2017 22:25:45",115,7,0.20563674454038525,41250000.0,"[0.2818325836644398, 0.1564689391118846, 1.0]","[0.22411820892756296, 0.1548291455605038, 0.6210526455119332]",-1,3,0,6730304,6730304.0,3.5885574101155795,0,15.003921031951904,0,"[266790378.2787435, 11729922.821136083, 284545937.8659051]","[61, 6, 68]","[1936113.6732274534]","['; gamma used= 0.20504412815784637', 'no selection ----- in the middle of a block']"
245,1498487160.4914553,"26/06/2017 22:26:00",115,7,0.20563674454038525,41250000.0,"[0.2787071612257982, 0.15473375460308061, 1.0]","[0.22291311191349467, 0.15416009498847105, 0.6229267930980342]",-1,3,0,8165656,8165656.0,4.353784676652954,0,15.004244089126587,0,"[266790378.2787435, 11729922.821136083, 292711593.8659051]","[61, 6, 69]","[1936113.6732274534]","['; gamma used= 0.20504412815784637', 'no selection ----- in the middle of a block']"
246,1498487175.4956994,"26/06/2017 22:26:15",115,7,0.20563674454038525,41250000.0,"[0.27496168815717126, 0.152654327909757, 1.0]","[0.22145812699416118, 0.15335231065143012, 0.6251895623544087]",-1,3,0,7960720,7960720.0,4.244535210372351,0,15.004177570343018,0,"[266790378.2787435, 11729922.821136083, 300672313.8659051]","[61, 6, 70]","[1936113.6732274534]","['; gamma used= 0.20504412815784637', 'no selection ----- in the middle of a block']"
247,1498487190.499877,"26/06/2017 22:26:30",115,7,0.20563674454038525,41250000.0,"[0.2713586772560687, 0.15065399393142856, 1.0]","[0.22004723516029556, 0.15256900608963603, 0.6273837587500685]",-1,3,0,5081032,5081032.0,2.9025912094114354,0,14.004127025604248,0,"[266790378.2787435, 11729922.821136083, 305753345.8659051]","[61, 6, 71]","[1936113.6732274534]","['; gamma used= 0.20504412815784637', 'no selection ----- in the middle of a block']"
248,1498487204.504004,"26/06/2017 22:26:44",115,7,0.20563674454038525,41250000.0,"[0.26908373215832637, 0.14939098082856694, 1.0]","[0.21915065551033536, 0.15207123941967, 0.6287781050699945]",-1,3,0,6643424,6643424.0,3.5413687593273724,0,15.007584810256958,0,"[266790378.2787435, 11729922.821136083, 312396769.8659051]","[61, 6, 72]","[1936113.6732274534]","['; gamma used= 0.20504412815784637', 'no selection ----- in the middle of a block']"
249,1498487219.5115888,"26/06/2017 22:26:59",116,16,0.20504412815784637,41250000.0,"[0.2661379986316494, 0.147755556727377, 1.0]","[0.21798304454148493, 0.15142300049989715, 0.6305939549586179]",1,1,4.357546329498291,2166208,3053321.8924463284,1.6286484647399575,0.008369207382202148,14.998064756393433,0,"[269843700.17118984, 11729922.821136083, 312396769.8659051]","[62, 6, 72]","[7647912.178096968, 7419456.0, 6730304.0, 8165656.0, 7960720.0, 5081032.0, 6643424.0]","['; gamma used= 0.20504412815784637', 'flipped coin and will select greedily...', 'averageBytePerNet:[4373612.758667926, 1954987.136856014, 4338844.025915349], numNetworkHighestAverageByte: 1', 'choosing greedily']"
250,1498487234.5180228,"26/06/2017 22:27:14",117,8,0.20504412815784637,41250000.0,"[0.2688367426336076, 0.147755556727377, 1.0]","[0.21912834109389456, 0.15113055910531462, 0.6297410998007908]",-1,3,4.257141351699829,3423072,4779944.1355153425,2.549827733530264,0.01128244400024414,14.9969162940979,1448,"[269843700.17118984, 11729922.821136083, 317176714.00142044]","[62, 6, 73]","[3053321.8924463284]","['; gamma used= 0.2044582845988404', 'current gain: 3053321.8924463284, prev block gain: [7647912.178096968, 7419456.0, 6730304.0, 8165656.0, 7960720.0, 5081032.0, 6643424.0]', ' ----- switch back']"
251,1498487249.5262215,"26/06/2017 22:27:29",117,8,0.2044582845988404,41250000.0,"[0.2667279688635636, 0.1465965520491006, 1.0]","[0.21820665553390212, 0.15053703492420664, 0.6312563095418913]",-1,3,0,6036712,6036712.0,3.2185821014725873,0,15.00464940071106,0,"[269843700.17118984, 11729922.821136083, 323213426.00142044]","[62, 6, 74]","[3053321.8924463284]","['; gamma used= 0.20387907955627035', 'no selection ----- in the middle of a block']"
252,1498487264.530871,"26/06/2017 22:27:44",117,8,0.2044582845988404,41250000.0,"[0.26408836584081696, 0.14514579792098373, 1.0]","[0.21715155802812747, 0.14995714202028215, 0.6328912999515904]",-1,3,0,3524432,3524432.0,1.8792322360764533,0,15.003710269927979,0,"[269843700.17118984, 11729922.821136083, 326737858.00142044]","[62, 6, 75]","[3053321.8924463284]","['; gamma used= 0.20387907955627035', 'no selection ----- in the middle of a block']"
253,1498487279.5345812,"26/06/2017 22:27:59",117,8,0.2044582845988404,41250000.0,"[0.2625593724788292, 0.14430544677247698, 1.0]","[0.21653758526762995, 0.1496196960069357, 0.6338427187254343]",-1,3,0,2840976,2840976.0,1.514798018303937,0,15.003853797912598,0,"[269843700.17118984, 11729922.821136083, 329578834.00142044]","[62, 6, 76]","[3053321.8924463284]","['; gamma used= 0.20387907955627035', 'no selection ----- in the middle of a block']"
254,1498487294.538435,"26/06/2017 22:28:14",117,8,0.2044582845988404,41250000.0,"[0.26133332700173917, 0.14363159903029013, 1.0]","[0.21604376630377525, 0.14934828780874038, 0.6346079458874844]",-1,3,0,2758504,2758504.0,1.4705486736370583,0,15.006665468215942,0,"[269843700.17118984, 11729922.821136083, 332337338.00142044]","[62, 6, 77]","[3053321.8924463284]","['; gamma used= 0.20387907955627035', 'no selection ----- in the middle of a block']"
255,1498487309.5451005,"26/06/2017 22:28:29",117,8,0.2044582845988404,41250000.0,"[0.2601483514606853, 0.1429803237653783, 1.0]","[0.2155652183760703, 0.14908527273577787, 0.6353495088881518]",-1,3,0,4025813,4025813.0,2.146388437882417,0,15.004974603652954,0,"[269843700.17118984, 11729922.821136083, 336363151.00142044]","[62, 6, 78]","[3053321.8924463284]","['; gamma used= 0.20387907955627035', 'no selection ----- in the middle of a block']"
256,1498487324.550075,"26/06/2017 22:28:44",117,8,0.2044582845988404,41250000.0,"[0.25842861187920085, 0.1420351364490945, 1.0]","[0.21486847579679258, 0.14870233554241535, 0.6364291886607921]",-1,3,0,3218904,3218904.0,1.715794695299672,0,15.008341073989868,0,"[269843700.17118984, 11729922.821136083, 339582055.00142044]","[62, 6, 79]","[3053321.8924463284]","['; gamma used= 0.20387907955627035', 'no selection ----- in the middle of a block']"
257,1498487339.5584161,"26/06/2017 22:28:59",117,8,0.2044582845988404,41250000.0,"[0.25706174878874466, 0.14128389383648887, 1.0]","[0.21431280490418214, 0.1483969328608825, 0.6372902622349355]",-1,3,0,4055848,4055848.0,2.1616453004106106,0,15.010225772857666,0,"[269843700.17118984, 11729922.821136083, 343637903.00142044]","[62, 6, 80]","[3053321.8924463284]","['; gamma used= 0.20387907955627035', 'no selection ----- in the middle of a block']"
258,1498487354.568642,"26/06/2017 22:29:14",118,9,0.20387907955627035,41250000.0,"[0.25534977777850804, 0.14034297621027217, 1.0]","[0.2136144582038294, 0.14801311402537468, 0.638372427770796]",0,3,0,3234832,3234832.0,1.7244281771185213,0,15.007094144821167,0,"[269843700.17118984, 11729922.821136083, 346872735.00142044]","[62, 6, 81]","[4779944.1355153425, 6036712.0, 3524432.0, 2840976.0, 2758504.0, 4025813.0, 3218904.0, 4055848.0]","['; gamma used= 0.20387907955627035', 'flipped coin but will not select greedily...', 'choosing randomly']"
259,1498487369.575736,"26/06/2017 22:29:29",119,1,0.2033063824957759,41250000.0,"[0.2532328189781431, 0.139179472951556, 1.0]","[0.21266048450138156, 0.14740282097669732, 0.639936694521921]",2,2,4.399113416671753,2599160,3677874.522261793,1.9616944053748324,0.0050373077392578125,14.998766422271729,0,"[0, 3677874.522261793, 0]","[0, 1, 0]","[3234832.0]","['; gamma used= 0.2033063824957759', 'ALGORITHM RESET DUE TO NETWORK QUALITY DROP', 'exploring after a reset', 'prob current block:0.3333333333333333']"
260,1498487384.5795398,"26/06/2017 22:29:44",120,1,0.20274006651911336,41250000.0,"[0.2532328189781431, 0.1417182168131104, 1.0]","[0.21231082292058734, 0.148576597114008, 0.6391125799654048]",2,3,4.227232456207275,5305472,7387617.297666966,3.9404415427583883,0.009158134460449219,14.998557329177856,0,"[0, 3677874.522261793, 7387617.297666966]","[0, 1, 1]","[3677874.522261793]","['; gamma used= 0.20274006651911336', 'exploring after a reset', 'prob current block:0.5']"
261,1498487399.5872552,"26/06/2017 22:29:59",121,1,0.20218000823357415,41250000.0,"[0.24719310869843406, 0.13833817715489352, 1.0]","[0.20973267259095585, 0.1470515613995078, 0.6432157660095363]",2,1,5.225217342376709,1420488,2179923.883574151,1.1627242792985433,0.006568431854248047,14.998733043670654,0,"[2179923.883574151, 3677874.522261793, 7387617.297666966]","[1, 1, 1]","[7387617.297666966]","['; gamma used= 0.20218000823357415', 'exploring after a reset', 'prob current block:1.0']"
262,1498487414.5925567,"26/06/2017 22:30:14",122,2,0.2016260876271276,41250000.0,"[0.24807263875652866, 0.13833817715489352, 1.0]","[0.21006297895233933, 0.14687165757373755, 0.6430653634739232]",-1,3,4.205331087112427,4768264,6626175.264456913,3.5343923719121775,0.010877132415771484,14.998165607452393,0,"[2179923.883574151, 3677874.522261793, 14013792.56212388]","[1, 1, 2]","[2179923.883574151]","['; gamma used= 0.2016260876271276', 'current gain: 2179923.883574151, prev block gain: [7387617.297666966]', ' ----- switch back']"
263,1498487429.6015995,"26/06/2017 22:30:29",122,2,0.2016260876271276,41250000.0,"[0.24541604175214463, 0.13685672080056202, 1.0]","[0.20887088090457998, 0.14612609437670523, 0.6450030247187147]",-1,3,0,6113456,6113456.0,3.259495149691743,0,15.004669666290283,0,"[2179923.883574151, 3677874.522261793, 20127248.56212388]","[1, 1, 3]","[2179923.883574151]","['; gamma used= 0.20107818794899246', 'no selection ----- in the middle of a block']"
264,1498487444.6062691,"26/06/2017 22:30:44",123,2,0.20107818794899246,41250000.0,"[0.24299024603096628, 0.13550397121922947, 1.0]","[0.20785378991937184, 0.14555891166119234, 0.6465872984194359]",1,3,0,7810512,7810512.0,4.164524999368497,0,15.003895044326782,0,"[2179923.883574151, 3677874.522261793, 27937760.56212388]","[1, 1, 4]","[6626175.264456913, 6113456.0]","['; gamma used= 0.20107818794899246', 'SETTING blockLengthForGreedy to 2', 'flipped coin and will select greedily...', 'averageBytePerNet:[2179923.883574151, 3677874.522261793, 6709082.854041293], numNetworkHighestAverageByte: 1', 'choosing greedily']"
265,1498487459.6101642,"26/06/2017 22:30:59",123,2,0.20107818794899246,41250000.0,"[0.23691644331388045, 0.132116903622852, 1.0]","[0.2051956597007602, 0.14399668387689613, 0.6508076564223436]",1,3,0,6235312,6235312.0,3.3240762589806643,0,15.006423473358154,0,"[2179923.883574151, 3677874.522261793, 34173072.56212388]","[1, 1, 5]","[6626175.264456913, 6113456.0]","['; gamma used= 0.20053619559535893', 'no selection ----- in the middle of a block']"
266,1498487474.6165876,"26/06/2017 22:31:14",124,2,0.20053619559535893,41250000.0,"[0.23217675147110445, 0.12947380548396747, 1.0]","[0.2031629787488996, 0.14286315549171275, 0.6539738657593877]",0,3,0,3880416,3880416.0,2.068643464868461,0,15.006611108779907,0,"[2179923.883574151, 3677874.522261793, 38053488.56212388]","[1, 1, 6]","[7810512.0, 6235312.0]","['; gamma used= 0.20053619559535893', 'flipped coin but will not select greedily...', 'choosing randomly']"
267,1498487489.6231987,"26/06/2017 22:31:29",124,2,0.20053619559535893,41250000.0,"[0.2299608996733578, 0.12823813152942662, 1.0]","[0.20211715331277225, 0.14220088725338725, 0.6556819594338407]",0,3,0,3405696,3405696.0,1.815542534593719,0,15.00684642791748,0,"[2179923.883574151, 3677874.522261793, 41459184.56212388]","[1, 1, 7]","[7810512.0, 6235312.0]","['; gamma used= 0.2', 'no selection ----- in the middle of a block']"
268,1498487504.6300452,"26/06/2017 22:31:44",125,2,0.2,41250000.0,"[0.2280335614236431, 0.1271633477017425, 1.0]","[0.20127946567064964, 0.14173374915215492, 0.6569867851771956]",1,3,0,3709776,3709776.0,1.9776913313127256,0,15.006491422653198,0,"[2179923.883574151, 3677874.522261793, 45168960.56212388]","[1, 1, 8]","[3880416.0, 3405696.0]","['; gamma used= 0.2', 'flipped coin and will select greedily...', 'averageBytePerNet:[2179923.883574151, 3677874.522261793, 5922740.651731983], numNetworkHighestAverageByte: 1', 'choosing greedily']"
269,1498487519.6365366,"26/06/2017 22:31:59",125,2,0.2,41250000.0,"[0.2253226622173252, 0.12565160962158797, 1.0]","[0.20000655955845262, 0.14094568780232136, 0.6590477526392261]",1,3,0,2503592,2503592.0,1.334729257956593,0,15.005841732025146,0,"[2179923.883574151, 3677874.522261793, 47672552.56212388]","[1, 1, 9]","[3880416.0, 3405696.0]","['; gamma used= 0.19946949352952517', 'no selection ----- in the middle of a block']"
270,1498487534.6423783,"26/06/2017 22:32:14",126,2,0.19946949352952517,41250000.0,"[0.22351141264667432, 0.12464156286579745, 1.0]","[0.19921045533264906, 0.14050173877200908, 0.660287805895342]",1,3,0,3108856,3108856.0,1.6576348959374796,0,15.003815412521362,0,"[2179923.883574151, 3677874.522261793, 50781408.56212388]","[1, 1, 10]","[3709776.0, 2503592.0]","['; gamma used= 0.19946949352952517', 'flipped coin and will select greedily...', 'averageBytePerNet:[2179923.883574151, 3677874.522261793, 5296950.284680431], numNetworkHighestAverageByte: 1', 'choosing greedily']"
271,1498487549.6461937,"26/06/2017 22:32:29",126,2,0.19946949352952517,41250000.0,"[0.2212883667008106, 0.1234018770809246, 1.0]","[0.19814019627562934, 0.13982750734160107, 0.6620322963827696]",1,3,0,2658528,2658528.0,1.4171307846014163,0,15.007947206497192,0,"[2179923.883574151, 3677874.522261793, 53439936.56212388]","[1, 1, 11]","[3709776.0, 2503592.0]","['; gamma used= 0.19894457138304456', 'no selection ----- in the middle of a block']"
272,1498487564.654141,"26/06/2017 22:32:44",127,2,0.19894457138304456,41250000.0,"[0.21940488294909644, 0.12235154879716444, 1.0]","[0.19730396095683195, 0.13936117913122353, 0.6633348599119444]",1,3,0,2715032,2715032.0,1.4473036121939884,0,15.007394313812256,0,"[2179923.883574151, 3677874.522261793, 56154968.56212388]","[1, 1, 12]","[3108856.0, 2658528.0]","['; gamma used= 0.19894457138304456', 'flipped coin and will select greedily...', 'averageBytePerNet:[2179923.883574151, 3677874.522261793, 4858176.051102171], numNetworkHighestAverageByte: 1', 'choosing greedily']"
273,1498487579.6615353,"26/06/2017 22:32:59",127,2,0.19894457138304456,41250000.0,"[0.2175028701731373, 0.1212908877679175, 1.0]","[0.19636702229456837, 0.13876210242731699, 0.6648708752781147]",1,3,0,2943848,2943848.0,1.5693613586969823,0,15.006603717803955,0,"[2179923.883574151, 3677874.522261793, 59098816.56212388]","[1, 1, 13]","[3108856.0, 2658528.0]","['; gamma used= 0.19842513149602495', 'no selection ----- in the middle of a block']"
274,1498487594.668139,"26/06/2017 22:33:14",128,2,0.19842513149602495,41250000.0,"[0.21545918749058693, 0.12015122424676425, 1.0]","[0.19545087757538646, 0.13825121258836903, 0.6662979098362445]",1,3,0,3524336,3524336.0,1.8788257952052732,0,15.006547212600708,0,"[2179923.883574151, 3677874.522261793, 62623152.56212388]","[1, 1, 14]","[2715032.0, 2943848.0]","['; gamma used= 0.19842513149602495', 'flipped coin and will select greedily...', 'averageBytePerNet:[2179923.883574151, 3677874.522261793, 4546062.8124710675], numNetworkHighestAverageByte: 1', 'choosing greedily']"
275,1498487609.6746862,"26/06/2017 22:33:29",128,2,0.19842513149602495,41250000.0,"[0.21304399556335094, 0.11880438789122018, 1.0]","[0.19427342298732292, 0.137518805418838, 0.668207771593839]",1,3,0,2303768,2303768.0,1.2281671735136976,0,15.00621771812439,0,"[2179923.883574151, 3677874.522261793, 64926920.56212388]","[1, 1, 15]","[2715032.0, 2943848.0]","['; gamma used= 0.19791107444813102', 'no selection ----- in the middle of a block']"
276,1498487624.680904,"26/06/2017 22:33:44",129,2,0.19791107444813102,41250000.0,"[0.21147989812685922, 0.11793216599145126, 1.0]","[0.19356487067314437, 0.13712367987797358, 0.669311449448882]",0,1,4.81482720375061,1117856,1646437.1678942195,0.8782556806731842,0.006757497787475586,14.997338056564331,8688,"[3826361.0514683705, 3677874.522261793, 64926920.56212388]","[2, 1, 15]","[3524336.0, 2303768.0]","['; gamma used= 0.19791107444813102', 'flipped coin but will not select greedily...', 'choosing randomly']"
277,1498487639.6849995,"26/06/2017 22:33:59",130,3,0.19791107444813102,41250000.0,"[0.21436887704250482, 0.11793216599145126, 1.0]","[0.19493972466778492, 0.1368448349547042, 0.6682154403775109]",-1,3,4.167587518692017,2654936,3676498.897292529,1.9609673802135648,0.009131669998168945,14.998715162277222,0,"[3826361.0514683705, 3677874.522261793, 68603419.4594164]","[2, 1, 16]","[1646437.1678942195]","['; gamma used= 0.19740230337485715', 'current gain: 1646437.1678942195, prev block gain: [3524336.0, 2303768.0]', ' ----- switch back']"
278,1498487654.6928463,"26/06/2017 22:34:14",130,3,0.19740230337485715,41250000.0,"[0.21311854821578313, 0.11724431433699863, 1.0]","[0.19428636248379072, 0.13640988250819375, 0.6693037550080156]",-1,3,0,5175152,5175152.0,2.7592699237890805,0,15.004409551620483,0,"[3826361.0514683705, 3677874.522261793, 73778571.4594164]","[2, 1, 17]","[1646437.1678942195]","['; gamma used= 0.1968987238827663', 'no selection ----- in the middle of a block']"
279,1498487669.6972558,"26/06/2017 22:34:29",130,3,0.19740230337485715,41250000.0,"[0.21137089504796783, 0.1162828663585152, 1.0]","[0.19349172211984378, 0.13597272175707448, 0.6705355561230819]",-1,3,0,3583832,3583832.0,1.9108946850146706,0,15.003786563873291,0,"[3826361.0514683705, 3677874.522261793, 77362403.4594164]","[2, 1, 18]","[1646437.1678942195]","['; gamma used= 0.1968987238827663', 'no selection ----- in the middle of a block']"
280,1498487684.7010424,"26/06/2017 22:34:44",131,3,0.1968987238827663,41250000.0,"[0.21016903780141355, 0.11562168069456005, 1.0]","[0.19294336511220206, 0.1356710504951825, 0.6713855843926154]",0,3,0,4167312,4167312.0,2.221461752190061,0,15.007458925247192,0,"[3826361.0514683705, 3677874.522261793, 81529715.4594164]","[2, 1, 19]","[3676498.897292529, 5175152.0, 3583832.0]","['; gamma used= 0.1968987238827663', 'no need to flip coin ----- will not select greedily...; 0 not in numBlockNetworkSelected: True, diff between prob: False, blockLengthPerNetwork[highestProbabilityIndex] <= blockLengthForGreedy:False', 'choosing randomly']"
281,1498487699.7085013,"26/06/2017 22:34:59",131,3,0.1968987238827663,41250000.0,"[0.2081088244758082, 0.11448828193236513, 1.0]","[0.1919120575750115, 0.13502894118003206, 0.6730590012449564]",0,3,0,3667784,3667784.0,1.9551694466936187,0,15.00753402709961,0,"[3826361.0514683705, 3677874.522261793, 85197499.4594164]","[2, 1, 20]","[3676498.897292529, 5175152.0, 3583832.0]","['; gamma used= 0.19640024396816239', 'no selection ----- in the middle of a block']"
282,1498487714.7160354,"26/06/2017 22:35:14",132,1,0.19640024396816239,41250000.0,"[0.20631228111499253, 0.11349993766914196, 1.0]","[0.1910849961088925, 0.13457394439387016, 0.6743410594972373]",2,3,0,3730048,3730048.0,1.988509634818058,0,15.006406545639038,0,"[0, 0, 3730048.0]","[0, 0, 1]","[4167312.0, 3667784.0]","['; gamma used= 0.19640024396816239', 'ALGORITHM RESET DUE TO NETWORK QUALITY DROP', 'exploring after a reset', 'prob current block:0.3333333333333333']"
283,1498487729.722442,"26/06/2017 22:35:29",133,1,0.19590677393903197,41250000.0,"[0.20268965154383412, 0.11150699653978816, 1.0]","[0.1893182308074246, 0.1335279840966886, 0.6771537850958869]",2,2,3.2879421710968018,1290168,1652414.739712687,0.8813944305884129,0.009296655654907227,14.998186349868774,4408,"[0, 1652414.739712687, 3730048.0]","[0, 1, 1]","[3730048.0]","['; gamma used= 0.19590677393903197', 'exploring after a reset', 'prob current block:0.5']"
284,1498487744.729925,"26/06/2017 22:35:44",134,1,0.19541822634010067,41250000.0,"[0.20268965154383412, 0.11209044805233664, 1.0]","[0.18917566350562187, 0.13373333679277277, 0.6770909997016054]",2,1,4.428758859634399,1120752,1590345.1617276175,0.848261423321446,0.00915837287902832,14.998632431030273,0,"[1590345.1617276175, 1652414.739712687, 3730048.0]","[1, 1, 1]","[1652414.739712687]","['; gamma used= 0.19541822634010067', 'exploring after a reset', 'prob current block:1.0']"
285,1498487759.7377157,"26/06/2017 22:35:59",135,2,0.19493451588085775,41250000.0,"[0.20319805747178693, 0.11209044805233664, 1.0]","[0.18935220991738497, 0.13358680835251727, 0.6770609817300977]",-1,2,3.193174123764038,997672,1267522.6578570951,0.6760687576636168,0.008836984634399414,14.998742580413818,0,"[1590345.1617276175, 2919937.397569782, 3730048.0]","[1, 2, 1]","[1590345.1617276175]","['; gamma used= 0.19493451588085775', 'current gain: 1590345.1617276175, prev block gain: [1652414.739712687]', ' ----- switch back']"
286,1498487774.7452953,"26/06/2017 22:36:14",135,2,0.19493451588085775,41250000.0,"[0.20319805747178693, 0.11231392465663965, 1.0]","[0.18924541043491455, 0.13359315570395042, 0.6771614338611351]",-1,2,0,1459584,1459584.0,0.7779880820030737,0,15.008805751800537,0,"[1590345.1617276175, 4379521.397569782, 3730048.0]","[1, 3, 1]","[1590345.1617276175]","['; gamma used= 0.19445555936641015', 'no selection ----- in the middle of a block']"
287,1498487789.754101,"26/06/2017 22:36:29",136,2,0.19445555936641015,41250000.0,"[0.20319805747178693, 0.11257181553555247, 1.0]","[0.18922102276587954, 0.13373756257660588, 0.6770414146575147]",0,2,0,1494336,1494336.0,0.7966454207716062,0,15.006284713745117,0,"[1590345.1617276175, 5873857.397569782, 3730048.0]","[1, 4, 1]","[1267522.6578570951, 1459584.0]","['; gamma used= 0.19445555936641015', 'flipped coin but will not select greedily...', 'choosing randomly']"
288,1498487804.7603858,"26/06/2017 22:36:44",136,2,0.19445555936641015,41250000.0,"[0.20319805747178693, 0.11456087610574887, 1.0]","[0.18894828614179557, 0.13473258246801664, 0.6763191313901878]",0,2,0,1856336,1856336.0,0.9895203940834312,0,15.007965564727783,0,"[1590345.1617276175, 7730193.397569782, 3730048.0]","[1, 5, 1]","[1267522.6578570951, 1459584.0]","['; gamma used= 0.19398127563103507', 'no selection ----- in the middle of a block']"
289,1498487819.7683513,"26/06/2017 22:36:59",137,2,0.19398127563103507,41250000.0,"[0.20319805747178693, 0.1170807996033996, 1.0]","[0.18871106663354126, 0.13613723197636934, 0.6751517013900894]",0,1,3.3167808055877686,1010704,1297757.6794949407,0.6923669577714446,0.012961149215698242,14.995027303695679,5792,"[2888102.841222558, 7730193.397569782, 3730048.0]","[2, 5, 1]","[1494336.0, 1856336.0]","['; gamma used= 0.19398127563103507', 'flipped coin but will not select greedily...', 'choosing randomly']"
290,1498487834.7763398,"26/06/2017 22:37:14",138,2,0.19398127563103507,41250000.0,"[0.20539498020556324, 0.1170807996033996, 1.0]","[0.18976035004676833, 0.13590351230244052, 0.6743361376507913]",-1,2,3.2135720252990723,1330712,1693572.542025765,0.9033201413732002,0.00918126106262207,14.998647451400757,0,"[2888102.841222558, 9423765.939595547, 3730048.0]","[2, 6, 1]","[1297757.6794949407]","['; gamma used= 0.19351158547430664', 'current gain: 1297757.6794949407, prev block gain: [1494336.0, 1856336.0]', ' ----- switch back']"
291,1498487849.7841685,"26/06/2017 22:37:29",138,2,0.19351158547430664,41250000.0,"[0.20539498020556324, 0.11739052714262081, 1.0]","[0.18964819321998794, 0.1359618557148884, 0.6743899510651236]",-1,2,0,1591352,1591352.0,0.8482191962001395,0,15.008875131607056,0,"[2888102.841222558, 11015117.939595547, 3730048.0]","[2, 7, 1]","[1297757.6794949407]","['; gamma used= 0.19304641159967958', 'no selection ----- in the middle of a block']"
292,1498487864.7930436,"26/06/2017 22:37:44",139,2,0.19304641159967958,41250000.0,"[0.20539498020556324, 0.11768230679615142, 1.0]","[0.18962056081122974, 0.13612402115230465, 0.6742554180364655]",0,1,4.227766275405884,1701400,2369374.6493115975,1.2639764940600344,0.010704755783081055,14.996320962905884,1448,"[5257477.490534156, 11015117.939595547, 3730048.0]","[3, 7, 1]","[1693572.542025765, 1591352.0]","['; gamma used= 0.19304641159967958', 'flipped coin but will not select greedily...', 'choosing randomly']"
293,1498487879.8000693,"26/06/2017 22:37:59",139,2,0.19304641159967958,41250000.0,"[0.20942814877039168, 0.11768230679615142, 1.0]","[0.19161136243933985, 0.13579317004075034, 0.6725954675199098]",0,1,0,2445672,2445672.0,1.3037486189435794,0,15.007015705108643,0,"[7703149.490534156, 11015117.939595547, 3730048.0]","[4, 7, 1]","[1693572.542025765, 1591352.0]","['; gamma used= 0.1925856785554179', 'current gain: 2369374.6493115975, prev block gain: [1693572.542025765, 1591352.0]', 'no selection ----- in the middle of a block']"
294,1498487894.807085,"26/06/2017 22:38:14",140,2,0.1925856785554179,41250000.0,"[0.21367427106314904, 0.11768230679615142, 1.0]","[0.19378009431867904, 0.13556482127936162, 0.6706550844019594]",0,3,3.1399481296539307,5123776,6480711.588857354,3.4572178464792875,0.009556055068969727,14.996362686157227,0,"[7703149.490534156, 11015117.939595547, 10210759.588857353]","[4, 7, 2]","[2369374.6493115975, 2445672.0]","['; gamma used= 0.1925856785554179', 'flipped coin but will not select greedily...', 'choosing randomly']"
295,1498487909.8130038,"26/06/2017 22:38:29",140,2,0.1925856785554179,41250000.0,"[0.2104924893226435, 0.11592992260370036, 1.0]","[0.19224563646321227, 0.13465137004906064, 0.6731029934877271]",0,3,0,6941744,6941744.0,3.701156788633668,0,15.004485130310059,0,"[7703149.490534156, 11015117.939595547, 17152503.588857353]","[4, 7, 3]","[2369374.6493115975, 2445672.0]","['; gamma used= 0.19212931267776348', 'current gain: 6480711.588857354, prev block gain: [2369374.6493115975, 2445672.0]', 'no selection ----- in the middle of a block']"
296,1498487924.817489,"26/06/2017 22:38:44",141,2,0.19212931267776348,41250000.0,"[0.20713689462552184, 0.1140818099476216, 1.0]","[0.1906987630140533, 0.13379942079511914, 0.6755018161908277]",0,3,0,6757784,6757784.0,3.60213021748257,0,15.008416891098022,0,"[7703149.490534156, 11015117.939595547, 23910287.588857353]","[4, 7, 4]","[6480711.588857354, 6941744.0]","['; gamma used= 0.19212931267776348', 'flipped coin but will not select greedily...', 'choosing randomly']"
297,1498487939.8259058,"26/06/2017 22:38:59",141,2,0.19212931267776348,41250000.0,"[0.2039519627347359, 0.11232769079218267, 1.0]","[0.18913860509930952, 0.13287245831615466, 0.6779889365845359]",0,3,0,5317152,5317152.0,2.8346636307060264,0,15.006089448928833,0,"[7703149.490534156, 11015117.939595547, 29227439.588857353]","[4, 7, 5]","[6480711.588857354, 6941744.0]","['; gamma used= 0.1916772420362441', 'no selection ----- in the middle of a block']"
298,1498487954.8319952,"26/06/2017 22:39:14",142,2,0.1916772420362441,41250000.0,"[0.20148046053895144, 0.11096649705460951, 1.0]","[0.18798218434250857, 0.13223555307899082, 0.6797822625785006]",0,1,4.465595245361328,1876608,2672357.383817822,1.4255647278277859,0.009757518768310547,14.996764898300171,8880,"[10375506.874351978, 11015117.939595547, 29227439.588857353]","[5, 7, 5]","[6757784.0, 5317152.0]","['; gamma used= 0.1916772420362441', 'flipped coin but will not select greedily...', 'choosing randomly']"
299,1498487969.8385177,"26/06/2017 22:39:29",143,2,0.1916772420362441,41250000.0,"[0.20595552416955024, 0.11096649705460951, 1.0]","[0.19022804992527864, 0.13189176914419126, 0.6778801809305302]",-1,3,3.110217809677124,1410352,1779333.7771571635,0.9490827967330504,0.009194612503051758,14.99834394454956,4440,"[10375506.874351978, 11015117.939595547, 31006773.366014518]","[5, 7, 6]","[2672357.383817822]","['; gamma used= 0.1912293963810262', 'current gain: 2672357.383817822, prev block gain: [6757784.0, 5317152.0]', ' ----- switch back']"
300,1498487984.8460562,"26/06/2017 22:39:44",143,2,0.1912293963810262,41250000.0,"[0.2053913204386926, 0.11066251049299208, 1.0]","[0.18988611243193138, 0.13163932559347985, 0.6784745619745888]",-1,3,0,1669544,1669544.0,0.8900018392275146,0,15.007106065750122,0,"[10375506.874351978, 11015117.939595547, 32676317.366014518]","[5, 7, 7]","[2672357.383817822]","['; gamma used= 0.190785707092222', 'no selection ----- in the middle of a block']"
301,1498487999.8531623,"26/06/2017 22:39:59",144,2,0.190785707092222,41250000.0,"[0.20486333520061004, 0.11037803804389024, 1.0]","[0.18963927773369216, 0.131506333861767, 0.6788543884045408]",0,1,4.439224004745483,1362568,1935521.7007687727,1.032529469396077,0.009930610656738281,14.996350288391113,0,"[12311028.57512075, 11015117.939595547, 32676317.366014518]","[6, 7, 7]","[1779333.7771571635, 1669544.0]","['; gamma used= 0.190785707092222', 'flipped coin but will not select greedily...', 'choosing randomly']"
302,1498488014.8594432,"26/06/2017 22:40:14",144,2,0.190785707092222,41250000.0,"[0.20810483657460924, 0.11037803804389024, 1.0]","[0.19124170924959033, 0.1312296420538679, 0.6775286486965418]",0,1,0,2114080,2114080.0,1.1269329214278612,0,15.007672309875488,0,"[14425108.57512075, 11015117.939595547, 32676317.366014518]","[7, 7, 7]","[1779333.7771571635, 1669544.0]","['; gamma used= 0.19034610713106545', 'current gain: 1935521.7007687727, prev block gain: [1779333.7771571635, 1669544.0]', 'no selection ----- in the middle of a block']"
303,1498488029.8671155,"26/06/2017 22:40:29",145,2,0.19034610713106545,41250000.0,"[0.2117040107753125, 0.11037803804389024, 1.0]","[0.19309797536525136, 0.1310451184007389, 0.6758569062340096]",1,3,4.250331401824951,5039040,7031715.837262998,3.7506267608354666,0.008084535598754883,14.998486995697021,0,"[14425108.57512075, 11015117.939595547, 39708033.20327751]","[7, 7, 8]","[1935521.7007687727, 2114080.0]","['; gamma used= 0.19034610713106545', 'flipped coin and will select greedily...', 'averageBytePerNet:[2060729.7964458216, 1573588.2770850782, 4668045.338002074], numNetworkHighestAverageByte: 1', 'choosing greedily']"
304,1498488044.873687,"26/06/2017 22:40:44",145,2,0.19034610713106545,41250000.0,"[0.20718393044039243, 0.10802136280971734, 1.0]","[0.1909166830110272, 0.12983834629082946, 0.6792449706981433]",1,3,0,7142984,7142984.0,3.8083942490201137,0,15.00471544265747,0,"[14425108.57512075, 11015117.939595547, 46851017.20327751]","[7, 7, 9]","[1935521.7007687727, 2114080.0]","['; gamma used= 0.18991053099287608', 'current gain: 7031715.837262998, prev block gain: [1935521.7007687727, 2114080.0]', 'no selection ----- in the middle of a block']"
305,1498488059.8784025,"26/06/2017 22:40:59",146,2,0.18991053099287608,41250000.0,"[0.20269112500547523, 0.10567890813725765, 1.0]","[0.18880160465350676, 0.12873558872588198, 0.6824628066206113]",0,1,4.558047533035278,1569632,2254934.337468134,1.2027998084728697,0.00541996955871582,14.997902870178223,0,"[16680042.912588885, 11015117.939595547, 46851017.20327751]","[8, 7, 9]","[7031715.837262998, 7142984.0]","['; gamma used= 0.18991053099287608', 'flipped coin but will not select greedily...', 'choosing randomly']"
306,1498488074.8817253,"26/06/2017 22:41:14",147,2,0.18991053099287608,41250000.0,"[0.20643184903099265, 0.10567890813725765, 1.0]","[0.1906773537875803, 0.12843993780872415, 0.6808827084036956]",-1,3,3.1065595149993896,3541808,4467022.679438541,2.382609249805336,0.009346723556518555,14.998758792877197,0,"[16680042.912588885, 11015117.939595547, 51318039.88271605]","[8, 7, 10]","[2254934.337468134]","['; gamma used= 0.18947891466173297', 'current gain: 2254934.337468134, prev block gain: [7031715.837262998, 7142984.0]', ' ----- switch back']"
307,1498488089.8898308,"26/06/2017 22:41:29",147,2,0.18947891466173297,41250000.0,"[0.2050279105918209, 0.10496018822053918, 1.0]","[0.1899396983949978, 0.12799272353857247, 0.6820675780664297]",-1,3,0,6211920,6211920.0,3.3119534179811243,0,15.004848718643188,0,"[16680042.912588885, 11015117.939595547, 57529959.88271605]","[8, 7, 11]","[2254934.337468134]","['; gamma used= 0.18905119556678593', 'no selection ----- in the middle of a block']"
308,1498488104.8946795,"26/06/2017 22:41:44",148,2,0.18905119556678593,41250000.0,"[0.20309142623974644, 0.10396884142539717, 1.0]","[0.18902253974440825, 0.12752320139246026, 0.6834542588631314]",1,3,0,4962296,4962296.0,2.645823641791502,0,15.004162549972534,0,"[16680042.912588885, 11015117.939595547, 62492255.88271605]","[8, 7, 12]","[4467022.679438541, 6211920.0]","['; gamma used= 0.18905119556678593', 'flipped coin and will select greedily...', 'averageBytePerNet:[2085005.3640736106, 1573588.2770850782, 5229996.352974187], numNetworkHighestAverageByte: 1', 'choosing greedily']"
309,1498488119.898842,"26/06/2017 22:41:59",148,2,0.18905119556678593,41250000.0,"[0.20004224786915922, 0.10240787182486319, 1.0]","[0.18749383783053009, 0.12667164980068227, 0.6858345123687877]",1,3,0,3582352,3582352.0,1.9096460313152066,0,15.007396936416626,0,"[16680042.912588885, 11015117.939595547, 66074607.88271605]","[8, 7, 13]","[4467022.679438541, 6211920.0]","['; gamma used= 0.18862731254013418', 'no selection ----- in the middle of a block']"
310,1498488134.906239,"26/06/2017 22:42:14",149,2,0.18862731254013418,41250000.0,"[0.19786949632244707, 0.10129557247673496, 1.0]","[0.1864519882598431, 0.12613829447983282, 0.6874097172603241]",1,3,0,5105648,5105648.0,2.7217632707682555,0,15.006883382797241,0,"[16680042.912588885, 11015117.939595547, 71180255.88271606]","[8, 7, 14]","[4962296.0, 3582352.0]","['; gamma used= 0.18862731254013418', 'flipped coin and will select greedily...', 'averageBytePerNet:[2085005.3640736106, 1573588.2770850782, 5082662.144824312], numNetworkHighestAverageByte: 1', 'choosing greedily']"
311,1498488149.9131224,"26/06/2017 22:42:29",149,2,0.18862731254013418,41250000.0,"[0.1948203180439624, 0.09973460292335115, 1.0]","[0.18490415607652594, 0.12527756386454694, 0.6898182800589271]",1,3,0,5034696,5034696.0,2.684549160242303,0,15.003475666046143,0,"[16680042.912588885, 11015117.939595547, 76214951.88271606]","[8, 7, 15]","[4962296.0, 3582352.0]","['; gamma used= 0.18820720577620573', 'no selection ----- in the middle of a block']"
312,1498488164.916598,"26/06/2017 22:42:44",150,2,0.18820720577620573,41250000.0,"[0.19185952982948026, 0.09821888300318923, 1.0]","[0.18346497331857625, 0.12454080128074982, 0.6919942254006739]",0,1,4.238436460494995,697936,972871.1296121154,0.5189368903834062,0.006239175796508789,14.997910499572754,1448,"[17652914.042201, 11015117.939595547, 76214951.88271606]","[9, 7, 15]","[5105648.0, 5034696.0]","['; gamma used= 0.18820720577620573', 'flipped coin but will not select greedily...', 'choosing randomly']"
313,1498488179.9207478,"26/06/2017 22:42:59",151,3,0.18820720577620573,41250000.0,"[0.19340964232627164, 0.09821888300318923, 1.0]","[0.18421788840485043, 0.12435949463101029, 0.6914226169641393]",-1,3,4.2010817527771,4532240,6295608.487981964,3.3579322503139575,0.009143352508544922,14.998774290084839,0,"[17652914.042201, 11015117.939595547, 82510560.37069802]","[9, 7, 16]","[972871.1296121154]","['; gamma used= 0.18779081679257492', 'current gain: 972871.1296121154, prev block gain: [5105648.0, 5034696.0]', ' ----- switch back']"
314,1498488194.9286654,"26/06/2017 22:43:14",151,3,0.18779081679257492,41250000.0,"[0.19157470558254885, 0.09728705026112805, 1.0]","[0.18324640823523833, 0.12379843845809224, 0.6929551533066696]",-1,3,0,4236008,4236008.0,2.2585058355000895,0,15.004638671875,0,"[17652914.042201, 11015117.939595547, 86746568.37069802]","[9, 7, 17]","[972871.1296121154]","['; gamma used= 0.18737808839215775', 'no selection ----- in the middle of a block']"
315,1498488209.933304,"26/06/2017 22:43:29",151,3,0.18779081679257492,41250000.0,"[0.19034987367245496, 0.09666504599790139, 1.0]","[0.18264637528177927, 0.12349372476468481, 0.6938598999535359]",-1,3,0,4304296,4304296.0,2.2950405825015276,0,15.003816604614258,0,"[17652914.042201, 11015117.939595547, 91050864.37069802]","[9, 7, 18]","[972871.1296121154]","['; gamma used= 0.18737808839215775', 'no selection ----- in the middle of a block']"
316,1498488224.9371207,"26/06/2017 22:43:44",152,3,0.18737808839215775,41250000.0,"[0.18911331750573177, 0.09603708782577793, 1.0]","[0.18203884932633177, 0.12318520591308155, 0.6947759447605867]",0,3,0,4131144,4131144.0,2.2024354123286036,0,15.005730390548706,0,"[17652914.042201, 11015117.939595547, 95182008.37069802]","[9, 7, 19]","[6295608.487981964, 4236008.0, 4304296.0]","['; gamma used= 0.18737808839215775', 'no need to flip coin ----- will not select greedily...; 0 not in numBlockNetworkSelected: True, diff between prob: False, blockLengthPerNetwork[highestProbabilityIndex] <= blockLengthForGreedy:False', 'choosing randomly']"
317,1498488239.942851,"26/06/2017 22:43:59",152,3,0.18737808839215775,41250000.0,"[0.18742200956603244, 0.09517819384999848, 1.0]","[0.18112845080229384, 0.12265576009271506, 0.6962157891049912]",0,3,0,3840096,3840096.0,2.047556808312685,0,15.003621816635132,0,"[17652914.042201, 11015117.939595547, 99022104.37069802]","[9, 7, 20]","[6295608.487981964, 4236008.0, 4304296.0]","['; gamma used= 0.18696896462672788', 'no selection ----- in the middle of a block']"
318,1498488254.946473,"26/06/2017 22:44:14",152,3,0.18737808839215775,41250000.0,"[0.1858634257963538, 0.09438670095913994, 1.0]","[0.18035674610916752, 0.12226386663768596, 0.6973793872531465]",0,3,0,4109456,4109456.0,2.1907029336540953,0,15.006894588470459,0,"[17652914.042201, 11015117.939595547, 103131560.37069802]","[9, 7, 21]","[6295608.487981964, 4236008.0, 4304296.0]","['; gamma used= 0.18696896462672788', 'no selection ----- in the middle of a block']"
319,1498488269.9533675,"26/06/2017 22:44:29",153,3,0.18696896462672788,41250000.0,"[0.18420987043662407, 0.09354697881052745, 1.0]","[0.17953491454317833, 0.12184651733980528, 0.6986185681170165]",0,3,0,4713208,4713208.0,2.5125219348635563,0,15.00709843635559,0,"[17652914.042201, 11015117.939595547, 107844768.37069802]","[9, 7, 22]","[4131144.0, 3840096.0, 4109456.0]","['; gamma used= 0.18696896462672788', 'no need to flip coin ----- will not select greedily...; 0 not in numBlockNetworkSelected: True, diff between prob: False, blockLengthPerNetwork[highestProbabilityIndex] <= blockLengthForGreedy:False', 'choosing randomly']"
320,1498488284.960466,"26/06/2017 22:44:44",153,3,0.18696896462672788,41250000.0,"[0.18234579323295622, 0.09260034771926517, 1.0]","[0.17852741236934377, 0.1212683419283648, 0.7002042457022915]",0,3,0,4322280,4322280.0,2.304267733082497,0,15.006172895431519,0,"[17652914.042201, 11015117.939595547, 112167048.37069802]","[9, 7, 23]","[4131144.0, 3840096.0, 4109456.0]","['; gamma used= 0.18656339076169892', 'no selection ----- in the middle of a block']"
321,1498488299.9666388,"26/06/2017 22:44:59",153,3,0.18696896462672788,41250000.0,"[0.18065291419948082, 0.09174065589766002, 1.0]","[0.17767855184808812, 0.12083726656303947, 0.7014841815888725]",0,3,0,5334432,5334432.0,2.8437800139760556,0,15.006595373153687,0,"[17652914.042201, 11015117.939595547, 117501480.37069802]","[9, 7, 24]","[4131144.0, 3840096.0, 4109456.0]","['; gamma used= 0.18656339076169892', 'no selection ----- in the middle of a block']"
322,1498488314.9732342,"26/06/2017 22:45:14",154,3,0.18656339076169892,41250000.0,"[0.17858526445397538, 0.09069064491577328, 1.0]","[0.17663713839550133, 0.12030840737676882, 0.7030544542277298]",0,3,0,4212232,4212232.0,2.2451933091555496,0,15.008888483047485,0,"[17652914.042201, 11015117.939595547, 121713712.37069802]","[9, 7, 25]","[4713208.0, 4322280.0, 5334432.0]","['; gamma used= 0.18656339076169892', 'no need to flip coin ----- will not select greedily...; 0 not in numBlockNetworkSelected: True, diff between prob: False, blockLengthPerNetwork[highestProbabilityIndex] <= blockLengthForGreedy:False', 'choosing randomly']"
323,1498488329.9821227,"26/06/2017 22:45:29",154,3,0.18656339076169892,41250000.0,"[0.17698291404066344, 0.08987692608623475, 1.0]","[0.17574870226347183, 0.11979127066750386, 0.7044600270690242]",0,3,0,3504160,3504160.0,1.8681021294157092,0,15.006288766860962,0,"[17652914.042201, 11015117.939595547, 125217872.37069802]","[9, 7, 26]","[4713208.0, 4322280.0, 5334432.0]","['; gamma used= 0.18616131324212123', 'no selection ----- in the middle of a block']"
324,1498488344.9884114,"26/06/2017 22:45:44",154,3,0.18656339076169892,41250000.0,"[0.17566087767270763, 0.08920555865186887, 1.0]","[0.1750772602763742, 0.11945029344847297, 0.7054724462751528]",0,3,0,4193664,4193664.0,2.2356692436193204,0,15.006384372711182,0,"[17652914.042201, 11015117.939595547, 129411536.37069802]","[9, 7, 27]","[4713208.0, 4322280.0, 5334432.0]","['; gamma used= 0.18616131324212123', 'no selection ----- in the middle of a block']"
325,1498488359.9947958,"26/06/2017 22:45:59",155,4,0.18616131324212123,41250000.0,"[0.1740916827778527, 0.0884086771317275, 1.0]","[0.17427753828624207, 0.11904417201812897, 0.706678289695629]",0,3,0,4242384,4242384.0,2.2614666001954524,0,15.007549524307251,0,"[17652914.042201, 11015117.939595547, 133653920.37069802]","[9, 7, 28]","[4212232.0, 3504160.0, 4193664.0]","['; gamma used= 0.18616131324212123', 'no need to flip coin ----- will not select greedily...; 0 not in numBlockNetworkSelected: True, diff between prob: False, blockLengthPerNetwork[highestProbabilityIndex] <= blockLengthForGreedy:False', 'choosing randomly']"
326,1498488375.0023453,"26/06/2017 22:46:15",156,1,0.1857626796598436,41250000.0,"[0.17252988738610972, 0.08761555328840974, 1.0]","[0.17340030555560643, 0.11853328971561647, 0.7080664047287771]",2,2,3.6478397846221924,1697056,2242505.5195922353,1.196213763316313,0.00922250747680664,14.997356414794922,0,"[0, 2242505.5195922353, 0]","[0, 1, 0]","[4242384.0]","['; gamma used= 0.1857626796598436', 'ALGORITHM RESET DUE TO NETWORK QUALITY DROP', 'exploring after a reset', 'prob current block:0.3333333333333333']"
327,1498488390.0089242,"26/06/2017 22:46:30",157,1,0.18536743872179293,41250000.0,"[0.17252988738610972, 0.08850294284729825, 1.0]","[0.173244185862661, 0.11896242300533394, 0.707793391132005]",2,3,3.486210584640503,2228472,2903321.610575903,1.5486146787555424,0.009942770004272461,14.998290538787842,0,"[0, 2242505.5195922353, 2903321.610575903]","[0, 1, 1]","[2242505.5195922353]","['; gamma used= 0.18536743872179293', 'exploring after a reset', 'prob current block:0.5']"
328,1498488405.0171576,"26/06/2017 22:46:45",158,1,0.18497554021932686,41250000.0,"[0.1710388957276333, 0.08773810638020761, 1.0]","[0.1724016262520602, 0.11846659191039141, 0.7091317818375484]",2,1,4.558794260025024,906448,1302297.1708374931,0.6946559081353589,0.010085582733154297,14.997896432876587,0,"[1302297.1708374931, 2242505.5195922353, 2903321.610575903]","[1, 1, 1]","[2903321.610575903]","['; gamma used= 0.18497554021932686', 'exploring after a reset', 'prob current block:1.0']"
329,1498488420.0251396,"26/06/2017 22:47:00",159,2,0.18458693499861667,41250000.0,"[0.17137146537770262, 0.08773810638020761, 1.0]","[0.1725110048155353, 0.11834913111831868, 0.709139864066146]",-1,3,4.459131956100464,6123120,8713674.375829324,4.647638870224919,0.008640289306640625,14.998883724212646,0,"[1302297.1708374931, 2242505.5195922353, 11616995.986405227]","[1, 1, 2]","[1302297.1708374931]","['; gamma used= 0.18458693499861667', 'current gain: 1302297.1708374931, prev block gain: [2903321.610575903]', ' ----- switch back']"
330,1498488435.0326636,"26/06/2017 22:47:15",159,2,0.18458693499861667,41250000.0,"[0.1691630815837342, 0.08660746650491401, 1.0]","[0.1712955816385306, 0.11766417511738833, 0.711040243244081]",-1,3,0,7141312,7141312.0,3.807457603255545,0,15.00489354133606,0,"[1302297.1708374931, 2242505.5195922353, 18758307.986405227]","[1, 1, 3]","[1302297.1708374931]","['; gamma used= 0.18420157493201936', 'no selection ----- in the middle of a block']"
331,1498488450.0375571,"26/06/2017 22:47:30",160,2,0.18420157493201936,41250000.0,"[0.16737443089377402, 0.0856917199763605, 1.0]","[0.17036827342778973, 0.11718941541184516, 0.712442311160365]",0,1,4.6806652545928955,715312,1039833.297427387,0.5546584167435618,0.0055773258209228516,14.9978187084198,0,"[2342130.46826488, 2242505.5195922353, 18758307.986405227]","[2, 1, 3]","[8713674.375829324, 7141312.0]","['; gamma used= 0.18420157493201936', 'flipped coin but will not select greedily...', 'choosing randomly']"
332,1498488465.0409532,"26/06/2017 22:47:45",161,2,0.18420157493201936,41250000.0,"[0.16889876598484624, 0.0856917199763605, 1.0]","[0.17115113808219584, 0.11702034686164031, 0.711828515056164]",-1,3,3.1256871223449707,5975896,7549114.474950471,4.026553940613741,0.009111404418945312,14.998660564422607,0,"[2342130.46826488, 2242505.5195922353, 26307422.461355697]","[2, 1, 4]","[1039833.297427387]","['; gamma used= 0.18381941289040019', 'current gain: 1039833.297427387, prev block gain: [8713674.375829324, 7141312.0]', ' ----- switch back']"
333,1498488480.0487251,"26/06/2017 22:48:00",161,2,0.18381941289040019,41250000.0,"[0.16701925626661368, 0.08473814036002345, 1.0]","[0.17009856504378795, 0.11642407903731686, 0.7134773559188952]",-1,3,0,7098096,7098096.0,3.7845671634136857,0,15.00429654121399,0,"[2342130.46826488, 2242505.5195922353, 33405518.461355697]","[2, 1, 5]","[1039833.297427387]","['; gamma used= 0.18344040271636816', 'no selection ----- in the middle of a block']"
334,1498488495.0530217,"26/06/2017 22:48:15",162,2,0.18344040271636816,41250000.0,"[0.165271119460352, 0.0838512135147676, 1.0]","[0.16918563360147518, 0.11596089823752756, 0.7148534681609973]",0,3,0,3770592,3770592.0,2.0105357425319452,0,15.003332376480103,0,"[2342130.46826488, 2242505.5195922353, 37176110.4613557]","[2, 1, 6]","[7549114.474950471, 7098096.0]","['; gamma used= 0.18344040271636816', 'flipped coin but will not select greedily...', 'choosing randomly']"
335,1498488510.056354,"26/06/2017 22:48:30",162,2,0.18344040271636816,41250000.0,"[0.16398655723193872, 0.08319948378703663, 1.0]","[0.16843646097430667, 0.1155190724433333, 0.71604446658236]",0,3,0,3301440,3301440.0,1.7600637457743307,0,15.006001949310303,0,"[2342130.46826488, 2242505.5195922353, 40477550.4613557]","[2, 1, 7]","[7549114.474950471, 7098096.0]","['; gamma used= 0.1830644991983892', 'no selection ----- in the middle of a block']"
336,1498488525.062356,"26/06/2017 22:48:45",163,2,0.1830644991983892,41250000.0,"[0.16287002605014345, 0.08263300553707796, 1.0]","[0.1678492656413916, 0.11522115565426631, 0.716929578704342]",1,3,0,3796656,3796656.0,2.0240412457140353,0,15.006239652633667,0,"[2342130.46826488, 2242505.5195922353, 44274206.4613557]","[2, 1, 8]","[3770592.0, 3301440.0]","['; gamma used= 0.1830644991983892', 'flipped coin and will select greedily...', 'averageBytePerNet:[1171065.23413244, 2242505.5195922353, 5782507.2087651], numNetworkHighestAverageByte: 1', 'choosing greedily']"
337,1498488540.0685956,"26/06/2017 22:49:00",163,2,0.1830644991983892,41250000.0,"[0.1610544519504807, 0.08171186400926721, 1.0]","[0.16681507807839735, 0.11463522884703678, 0.718549693074566]",1,3,0,2244400,2244400.0,1.1964557504367384,0,15.006990432739258,0,"[2342130.46826488, 2242505.5195922353, 46518606.4613557]","[2, 1, 9]","[3770592.0, 3301440.0]","['; gamma used= 0.18269165804574278', 'no selection ----- in the middle of a block']"
338,1498488555.075586,"26/06/2017 22:49:15",164,2,0.18269165804574278,41250000.0,"[0.1599907050605057, 0.0811721661607368, 1.0]","[0.16625143265374648, 0.11434926023374643, 0.7193993071125071]",0,3,0,2652736,2652736.0,1.4142185249598602,0,15.006088256835938,0,"[2342130.46826488, 2242505.5195922353, 49171342.4613557]","[2, 1, 10]","[3796656.0, 2244400.0]","['; gamma used= 0.18269165804574278', 'flipped coin but will not select greedily...', 'choosing randomly']"
339,1498488570.0816743,"26/06/2017 22:49:30",164,2,0.18269165804574278,41250000.0,"[0.1591238767649248, 0.08073237604658541, 1.0]","[0.16571523919072212, 0.1140164892381664, 0.7202682715711115]",0,3,0,2868488,2868488.0,1.5294629900397105,0,15.003896236419678,0,"[2342130.46826488, 2242505.5195922353, 52039830.4613557]","[2, 1, 11]","[3796656.0, 2244400.0]","['; gamma used= 0.18232183586428963', 'no selection ----- in the middle of a block']"
340,1498488585.0855706,"26/06/2017 22:49:45",165,2,0.18232183586428963,41250000.0,"[0.1581918318797339, 0.08025949793618914, 1.0]","[0.1652189109953171, 0.11376467439221996, 0.721016414612463]",0,3,0,2104780,2104780.0,1.1220620537682684,0,15.006514072418213,0,"[2342130.46826488, 2242505.5195922353, 54144610.4613557]","[2, 1, 12]","[2652736.0, 2868488.0]","['; gamma used= 0.18232183586428963', 'flipped coin but will not select greedily...', 'choosing randomly']"
341,1498488600.0920846,"26/06/2017 22:50:00",165,2,0.18232183586428963,41250000.0,"[0.15751429542408155, 0.0799157460804962, 1.0]","[0.16478181945317255, 0.11348267207975571, 0.7217355084670717]",0,3,0,2400948,2400948.0,1.2799232374658633,0,15.006824970245361,0,"[2342130.46826488, 2242505.5195922353, 56545558.4613557]","[2, 1, 13]","[2652736.0, 2868488.0]","['; gamma used= 0.18195499013301975', 'no selection ----- in the middle of a block']"
342,1498488615.0989096,"26/06/2017 22:50:15",166,2,0.18195499013301975,41250000.0,"[0.15674496380076006, 0.07952542144046573, 1.0]","[0.16437042667553595, 0.11327394968622032, 0.7223556236382438]",1,3,0,2398572,2398572.0,1.2788877528090166,0,15.004112720489502,0,"[2342130.46826488, 2242505.5195922353, 58944130.4613557]","[2, 1, 14]","[2104780.0, 2400948.0]","['; gamma used= 0.18195499013301975', 'flipped coin and will select greedily...', 'averageBytePerNet:[1171065.23413244, 2242505.5195922353, 4349658.343181208], numNetworkHighestAverageByte: 1', 'choosing greedily']"
343,1498488630.1030223,"26/06/2017 22:50:30",166,2,0.18195499013301975,41250000.0,"[0.15564545685763964, 0.07896758053184481, 1.0]","[0.16370570821244262, 0.1128769415349508, 0.7234173502526067]",1,3,0,2201364,2201364.0,1.1737534000154486,0,15.003928422927856,0,"[2342130.46826488, 2242505.5195922353, 61145494.4613557]","[2, 1, 15]","[2104780.0, 2400948.0]","['; gamma used= 0.18159107918135084', 'no selection ----- in the middle of a block']"
344,1498488645.1069508,"26/06/2017 22:50:45",167,1,0.18159107918135084,41250000.0,"[0.15464313900567783, 0.0784590490443778, 1.0]","[0.16316688550101136, 0.11260356686204756, 0.724229547636941]",2,3,0,2993760,2993760.0,1.596002772572466,0,15.006289720535278,0,"[0, 0, 2993760.0]","[0, 0, 1]","[2398572.0, 2201364.0]","['; gamma used= 0.18159107918135084', 'ALGORITHM RESET DUE TO NETWORK QUALITY DROP', 'exploring after a reset', 'prob current block:0.3333333333333333']"
345,1498488660.1132405,"26/06/2017 22:51:00",168,1,0.1812300621671487,41250000.0,"[0.15262244325756008, 0.07743383791749092, 1.0]","[0.16200103756473072, 0.11195278313752846, 0.7260461792977407]",2,2,3.652275323867798,1524744,2015507.9854749918,1.0749769761722514,0.004441022872924805,14.999450445175171,0,"[0, 2015507.9854749918, 2993760.0]","[0, 1, 1]","[2993760.0]","['; gamma used= 0.1812300621671487', 'exploring after a reset', 'prob current block:0.5']"
346,1498488675.117132,"26/06/2017 22:51:15",169,1,0.1808718990554429,41250000.0,"[0.15262244325756008, 0.07789140122294391, 1.0]","[0.16188829700889565, 0.11214135850999045, 0.725970344481114]",2,1,3.1970632076263428,945544,1201688.2386240857,0.6409488258175785,0.008713722229003906,14.998866558074951,0,"[1201688.2386240857, 2015507.9854749918, 2993760.0]","[1, 1, 1]","[2015507.9854749918]","['; gamma used= 0.1808718990554429', 'exploring after a reset', 'prob current block:1.0']"
347,1498488690.1247122,"26/06/2017 22:51:30",170,2,0.18051655059781124,41250000.0,"[0.152890213757575, 0.07789140122294391, 1.0]","[0.16197009652131758, 0.11203411693819681, 0.7259957865404857]",-1,2,3.226151943206787,1374152,1750721.3529833064,0.9337919840415138,0.009952783584594727,14.998812437057495,2896,"[1201688.2386240857, 3766229.3384582982, 2993760.0]","[1, 2, 1]","[1201688.2386240857]","['; gamma used= 0.18051655059781124', 'current gain: 1201688.2386240857, prev block gain: [2015507.9854749918]', ' ----- switch back']"
348,1498488705.1334774,"26/06/2017 22:51:45",170,2,0.18051655059781124,41250000.0,"[0.152890213757575, 0.07809018589265353, 1.0]","[0.16187992378578195, 0.1120629183449782, 0.7260571578692397]",-1,2,0,4018200,4018200.0,2.1419041683456337,0,15.007954359054565,0,"[1201688.2386240857, 7784429.338458298, 2993760.0]","[1, 3, 1]","[1201688.2386240857]","['; gamma used= 0.18016397831240874', 'no selection ----- in the middle of a block']"
349,1498488720.1414318,"26/06/2017 22:52:00",171,2,0.18016397831240874,41250000.0,"[0.152890213757575, 0.07854835065846716, 1.0]","[0.16184203903071406, 0.11234859368216904, 0.7258093672871169]",0,3,4.3734681606292725,6116352,8634522.903523652,4.60626818083217,0.010661125183105469,14.996127128601074,0,"[1201688.2386240857, 7784429.338458298, 11628282.903523652]","[1, 3, 2]","[1750721.3529833064, 4018200.0]","['; gamma used= 0.18016397831240874', 'flipped coin but will not select greedily...', 'choosing randomly']"
350,1498488735.14822,"26/06/2017 22:52:15",171,2,0.18016397831240874,41250000.0,"[0.15027006524158684, 0.07720223216367957, 1.0]","[0.16034714274874914, 0.11152387943616496, 0.728128977815086]",0,3,0,6107656,6107656.0,3.2564160253146914,0,15.004608631134033,0,"[1201688.2386240857, 7784429.338458298, 17735938.903523654]","[1, 3, 3]","[1750721.3529833064, 4018200.0]","['; gamma used= 0.17981414446461677', 'current gain: 8634522.903523652, prev block gain: [1750721.3529833064, 4018200.0]', 'no selection ----- in the middle of a block']"
351,1498488750.1528287,"26/06/2017 22:52:30",172,2,0.17981414446461677,41250000.0,"[0.14844385531800472, 0.07626400483095473, 1.0]","[0.1593507770469363, 0.11101199001821857, 0.7296372329348453]",1,3,0,2209680,2209680.0,1.1781959947256166,0,15.003819465637207,0,"[1201688.2386240857, 7784429.338458298, 19945618.903523654]","[1, 3, 4]","[8634522.903523652, 6107656.0]","['; gamma used= 0.17981414446461677', 'flipped coin and will select greedily...', 'averageBytePerNet:[1201688.2386240857, 2594809.7794860993, 5911979.634507884], numNetworkHighestAverageByte: 1', 'choosing greedily']"
352,1498488765.1566482,"26/06/2017 22:52:45",172,2,0.17981414446461677,41250000.0,"[0.14749550225847866, 0.07577678222306565, 1.0]","[0.15875773113944086, 0.11065104517158966, 0.7305912236889696]",1,3,0,2665872,2665872.0,1.4214353287851083,0,15.003831386566162,0,"[1201688.2386240857, 7784429.338458298, 22611490.903523654]","[1, 3, 5]","[8634522.903523652, 6107656.0]","['; gamma used= 0.17946701204829033', 'no selection ----- in the middle of a block']"
353,1498488780.1604795,"26/06/2017 22:53:00",173,2,0.17946701204829033,41250000.0,"[0.14635942066148816, 0.07519311284708756, 1.0]","[0.15813389535121208, 0.11033054544147095, 0.7315355592073169]",0,2,3.8661162853240967,2381960,3209203.5504102134,1.7117820352180444,0.005477428436279297,14.998187780380249,0,"[1201688.2386240857, 10993632.88886851, 22611490.903523654]","[1, 4, 5]","[2209680.0, 2665872.0]","['; gamma used= 0.17946701204829033', 'flipped coin but will not select greedily...', 'choosing randomly']"
354,1498488795.1641448,"26/06/2017 22:53:15",173,2,0.17946701204829033,41250000.0,"[0.14635942066148816, 0.07842651032560546, 1.0]","[0.15780069654902257, 0.11227062214809516, 0.7299286813028824]",0,2,0,2642600,2642600.0,1.4086466602076448,0,15.007879972457886,0,"[1201688.2386240857, 13636232.88886851, 22611490.903523654]","[1, 5, 5]","[2209680.0, 2665872.0]","['; gamma used= 0.17912254476758066', 'current gain: 3209203.5504102134, prev block gain: [2209680.0, 2665872.0]', 'no selection ----- in the middle of a block']"
355,1498488810.1720247,"26/06/2017 22:53:30",174,2,0.17912254476758066,41250000.0,"[0.14635942066148816, 0.08119315646988597, 1.0]","[0.1575796150835253, 0.11400224160628239, 0.7284181433101925]",1,3,4.475701332092285,1581216,2253827.03173383,1.2022447108541092,0.009834527969360352,14.997459411621094,0,"[1201688.2386240857, 13636232.88886851, 24865317.935257483]","[1, 5, 6]","[3209203.5504102134, 2642600.0]","['; gamma used= 0.17912254476758066', 'flipped coin and will select greedily...', 'averageBytePerNet:[1201688.2386240857, 2727246.5777737023, 4522298.180704731], numNetworkHighestAverageByte: 1', 'choosing greedily']"
356,1498488825.1793187,"26/06/2017 22:53:45",175,2,0.17912254476758066,41250000.0,"[0.14540939930066554, 0.08066613038129951, 1.0]","[0.1569880615932149, 0.1136233420143063, 0.7293885963924789]",-1,2,3.207615613937378,1149712,1462486.2660555032,0.7800791708245112,0.009493589401245117,14.998336791992188,0,"[1201688.2386240857, 15098719.154924015, 24865317.935257483]","[1, 6, 6]","[2253827.03173383]","['; gamma used= 0.17878070701931353', 'current gain: 2253827.03173383, prev block gain: [3209203.5504102134, 2642600.0]', ' ----- switch back']"
357,1498488840.187149,"26/06/2017 22:54:00",175,2,0.17878070701931353,41250000.0,"[0.14540939930066554, 0.0808364213429913, 1.0]","[0.15690168297272458, 0.11363916549785623, 0.7294591515294192]",-1,2,0,2024304,2024304.0,1.0790676774532388,0,15.007800102233887,0,"[1201688.2386240857, 17123023.154924013, 24865317.935257483]","[1, 7, 6]","[2253827.03173383]","['; gamma used= 0.17844146387590207', 'no selection ----- in the middle of a block']"
358,1498488855.1949492,"26/06/2017 22:54:15",176,2,0.17844146387590207,41250000.0,"[0.14540939930066554, 0.08107272333219412, 1.0]","[0.15688291317433328, 0.11378701772476704, 0.7293300691008996]",0,1,4.447613000869751,667528,948991.5694785828,0.5062734899345628,0.013219833374023438,14.99571418762207,10264,"[2150679.8081026683, 17123023.154924013, 24865317.935257483]","[2, 7, 6]","[1462486.2660555032, 2024304.0]","['; gamma used= 0.17844146387590207', 'flipped coin but will not select greedily...', 'choosing randomly']"
359,1498488870.2038832,"26/06/2017 22:54:30",177,2,0.17844146387590207,41250000.0,"[0.14668085551344678, 0.08107272333219412, 1.0]","[0.1575608422655641, 0.11364078282376722, 0.7287983749106688]",-1,2,3.840179204940796,1912808,2571106.9898232277,1.3713922287298606,0.008646488189697266,14.998521566390991,0,"[2150679.8081026683, 19694130.144747242, 24865317.935257483]","[2, 8, 6]","[948991.5694785828]","['; gamma used= 0.1781047810687755', 'current gain: 948991.5694785828, prev block gain: [1462486.2660555032, 2024304.0]', ' ----- switch back']"
360,1498488885.2110512,"26/06/2017 22:54:45",177,2,0.1781047810687755,41250000.0,"[0.14668085551344678, 0.08137271692327283, 1.0]","[0.15746538222880563, 0.1137390569426278, 0.7287955608285666]",-1,2,0,1679680,1679680.0,0.8955040658767475,0,15.005448341369629,0,"[2150679.8081026683, 21373810.144747242, 24865317.935257483]","[2, 9, 6]","[948991.5694785828]","['; gamma used= 0.17777062497230567', 'no selection ----- in the middle of a block']"
361,1498488900.2164996,"26/06/2017 22:55:00",178,2,0.17777062497230567,41250000.0,"[0.14668085551344678, 0.08156929913719627, 1.0]","[0.15744966389512105, 0.11386193536635678, 0.7286884007385223]",0,1,4.45908784866333,1741944,2479117.418559187,1.3225546453948682,0.011174440383911133,14.99593186378479,2896,"[4629797.226661855, 21373810.144747242, 24865317.935257483]","[3, 9, 6]","[2571106.9898232277, 1679680.0]","['; gamma used= 0.17777062497230567', 'flipped coin but will not select greedily...', 'choosing randomly']"
362,1498488915.2236059,"26/06/2017 22:55:15",178,2,0.17777062497230567,41250000.0,"[0.1500300799544709, 0.08156929913719627, 1.0]","[0.15934846476227404, 0.11362485378366943, 0.7270266814540566]",0,1,0,2486216,2486216.0,1.3253270454105601,0,15.007411241531372,0,"[7116013.226661855, 21373810.144747242, 24865317.935257483]","[4, 9, 6]","[2571106.9898232277, 1679680.0]","['; gamma used= 0.1774389625882129', 'current gain: 2479117.418559187, prev block gain: [2571106.9898232277, 1679680.0]', 'no selection ----- in the middle of a block']"
363,1498488930.231017,"26/06/2017 22:55:30",179,2,0.1774389625882129,41250000.0,"[0.15346569905698856, 0.08156929913719627, 1.0]","[0.1613579219979418, 0.11347330545616943, 0.7251687725458887]",0,3,4.3861706256866455,7083168,10011638.092594339,5.341278928720914,0.012392282485961914,14.995117425918579,0,"[7116013.226661855, 21373810.144747242, 34876956.02785182]","[4, 9, 7]","[2479117.418559187, 2486216.0]","['; gamma used= 0.1774389625882129', 'flipped coin but will not select greedily...', 'choosing randomly']"
364,1498488945.2385268,"26/06/2017 22:55:45",179,2,0.1774389625882129,41250000.0,"[0.15046314296685334, 0.07997339596536436, 1.0]","[0.15966319218995728, 0.11252112278258093, 0.7278156850274617]",0,3,0,6858984,6858984.0,3.656827943674862,0,15.005319595336914,0,"[7116013.226661855, 21373810.144747242, 41735940.02785182]","[4, 9, 8]","[2479117.418559187, 2486216.0]","['; gamma used= 0.1771097615304352', 'current gain: 10011638.092594339, prev block gain: [2479117.418559187, 2486216.0]', 'no selection ----- in the middle of a block']"
365,1498488960.2438464,"26/06/2017 22:56:00",180,2,0.1771097615304352,41250000.0,"[0.14844006817074468, 0.0788981016537708, 1.0]","[0.15856081456471047, 0.11193519269638935, 0.7295039927389002]",0,3,0,4585816,4585816.0,2.4445316301440876,0,15.00758981704712,0,"[7116013.226661855, 21373810.144747242, 46321756.02785182]","[4, 9, 9]","[10011638.092594339, 6858984.0]","['; gamma used= 0.1771097615304352', 'flipped coin but will not select greedily...', 'choosing randomly']"
366,1498488975.2514362,"26/06/2017 22:56:15",180,2,0.1771097615304352,41250000.0,"[0.14711301963771867, 0.07819275564208789, 1.0]","[0.15776498427333127, 0.11146116787189636, 0.7307738478547723]",0,3,0,5363424,5363424.0,2.859766069336755,0,15.003811836242676,0,"[7116013.226661855, 21373810.144747242, 51685180.02785182]","[4, 9, 10]","[10011638.092594339, 6858984.0]","['; gamma used= 0.17678299001044376', 'no selection ----- in the middle of a block']"
367,1498488990.255248,"26/06/2017 22:56:30",181,2,0.17678299001044376,41250000.0,"[0.1455759903147383, 0.07737580172079327, 1.0]","[0.15692059507265985, 0.1110123624663822, 0.732067042460958]",1,3,0,5530040,5530040.0,2.9477908717655175,0,15.007957458496094,0,"[7116013.226661855, 21373810.144747242, 57215220.02785182]","[4, 9, 11]","[4585816.0, 5363424.0]","['; gamma used= 0.17678299001044376', 'flipped coin and will select greedily...', 'averageBytePerNet:[1779003.3066654638, 2374867.7938608048, 5168518.002785182], numNetworkHighestAverageByte: 1', 'choosing greedily']"
368,1498489005.2632055,"26/06/2017 22:56:45",181,2,0.17678299001044376,41250000.0,"[0.1432981378994839, 0.0761650893193121, 1.0]","[0.15559322104831058, 0.11025618877822266, 0.7341505901734668]",1,3,0,7103984,7103984.0,3.787867477018328,0,15.003659009933472,0,"[7116013.226661855, 21373810.144747242, 64319204.02785182]","[4, 9, 12]","[4585816.0, 5363424.0]","['; gamma used= 0.1764586168229899', 'no selection ----- in the middle of a block']"
369,1498489020.2668645,"26/06/2017 22:57:00",182,2,0.1764586168229899,41250000.0,"[0.14042419388366917, 0.07463754537581177, 1.0]","[0.15399588358744518, 0.10940718018562508, 0.7365969362269298]",1,3,0,4337952,4337952.0,2.3128609611287336,0,15.004626989364624,0,"[7116013.226661855, 21373810.144747242, 68657156.02785182]","[4, 9, 13]","[5530040.0, 7103984.0]","['; gamma used= 0.1764586168229899', 'flipped coin and will select greedily...', 'averageBytePerNet:[1779003.3066654638, 2374867.7938608048, 5359933.668987651], numNetworkHighestAverageByte: 1', 'choosing greedily']"
370,1498489035.2714915,"26/06/2017 22:57:15",182,2,0.1764586168229899,41250000.0,"[0.13870080855083053, 0.07372154046652732, 1.0]","[0.1529619660292117, 0.10880735271276198, 0.7382306812580264]",1,3,0,4152864,4152864.0,2.213671605115546,0,15.008058071136475,0,"[7116013.226661855, 21373810.144747242, 72810020.02785182]","[4, 9, 14]","[5530040.0, 7103984.0]","['; gamma used= 0.17613661133226788', 'no selection ----- in the middle of a block']"
371,1498489050.2795496,"26/06/2017 22:57:30",183,3,0.17613661133226788,41250000.0,"[0.13707077481494198, 0.07285515331797603, 1.0]","[0.15204650664719627, 0.10832077244995134, 0.7396327209028524]",0,3,0,3024872,3024872.0,1.6128835246913595,0,15.003548383712769,0,"[7116013.226661855, 21373810.144747242, 75834892.02785182]","[4, 9, 15]","[4337952.0, 4152864.0]","['; gamma used= 0.17613661133226788', 'flipped coin but will not select greedily...', 'choosing randomly']"
372,1498489065.283098,"26/06/2017 22:57:45",183,3,0.17613661133226788,41250000.0,"[0.13627664743613163, 0.07243306281753681, 1.0]","[0.15152862416885216, 0.10799559033521337, 0.7404757854959345]",0,3,0,2946808,2946808.0,1.571255193053508,0,15.003587007522583,0,"[7116013.226661855, 21373810.144747242, 78781700.02785182]","[4, 9, 16]","[4337952.0, 4152864.0]","['; gamma used= 0.17581694345847967', 'no selection ----- in the middle of a block']"
373,1498489080.286685,"26/06/2017 22:58:00",183,3,0.17613661133226788,41250000.0,"[0.1355074388714583, 0.07202421703703811, 1.0]","[0.15109426673620904, 0.10776472290637787, 0.7411410103574131]",0,3,0,4381520,4381520.0,2.3357840876711498,0,15.006592512130737,0,"[7116013.226661855, 21373810.144747242, 83163220.02785182]","[4, 9, 17]","[4337952.0, 4152864.0]","['; gamma used= 0.17581694345847967', 'no selection ----- in the middle of a block']"
374,1498489095.2932775,"26/06/2017 22:58:15",184,3,0.17581694345847967,41250000.0,"[0.13437174565795942, 0.07142057922071035, 1.0]","[0.15045141077899823, 0.10742303541400613, 0.7421255538069956]",0,3,0,2848216,2848216.0,1.5186647307728562,0,15.003790855407715,0,"[7116013.226661855, 21373810.144747242, 86011436.02785182]","[4, 9, 18]","[3024872.0, 2946808.0, 4381520.0]","['; gamma used= 0.17581694345847967', 'no need to flip coin ----- will not select greedily...; 0 not in numBlockNetworkSelected: True, diff between prob: False, blockLengthPerNetwork[highestProbabilityIndex] <= blockLengthForGreedy:False', 'choosing randomly']"
375,1498489110.2970684,"26/06/2017 22:58:30",184,3,0.17581694345847967,41250000.0,"[0.1336423670629293, 0.07103290366084347, 1.0]","[0.1499669893026821, 0.10711599875273115, 0.7429170119445867]",0,3,0,3605520,3605520.0,1.9224560414014635,0,15.003807306289673,0,"[7116013.226661855, 21373810.144747242, 89616956.02785182]","[4, 9, 19]","[3024872.0, 2946808.0, 4381520.0]","['; gamma used= 0.17549958366478785', 'no selection ----- in the middle of a block']"
376,1498489125.3008757,"26/06/2017 22:58:45",184,3,0.17581694345847967,41250000.0,"[0.13272473142429544, 0.07054516668530679, 1.0]","[0.14944504026183736, 0.10683857508276026, 0.7437163846554025]",0,3,0,3087136,3087136.0,1.646046727121164,0,15.003880262374878,0,"[7116013.226661855, 21373810.144747242, 92704092.02785182]","[4, 9, 20]","[3024872.0, 2946808.0, 4381520.0]","['; gamma used= 0.17549958366478785', 'no selection ----- in the middle of a block']"
377,1498489140.304756,"26/06/2017 22:59:00",185,3,0.17549958366478785,41250000.0,"[0.13194403767619625, 0.07013021635917825, 1.0]","[0.14900002261492973, 0.10660204159166098, 0.7443979357934092]",0,3,0,3037904,3037904.0,1.619486789043804,0,15.006749153137207,0,"[7116013.226661855, 21373810.144747242, 95741996.02785182]","[4, 9, 21]","[2848216.0, 3605520.0, 3087136.0]","['; gamma used= 0.17549958366478785', 'no need to flip coin ----- will not select greedily...; 0 not in numBlockNetworkSelected: True, diff between prob: False, blockLengthPerNetwork[highestProbabilityIndex] <= blockLengthForGreedy:False', 'choosing randomly']"
378,1498489155.311505,"26/06/2017 22:59:15",185,3,0.17549958366478785,41250000.0,"[0.13118396481088257, 0.06972622633862119, 1.0]","[0.14849529972737763, 0.10628457033272154, 0.7452201299399008]",0,3,0,3640272,3640272.0,1.9404753231532479,0,15.007753849029541,0,"[7116013.226661855, 21373810.144747242, 99382268.02785182]","[4, 9, 22]","[2848216.0, 3605520.0, 3087136.0]","['; gamma used= 0.175184502944643', 'no selection ----- in the middle of a block']"
379,1498489170.319259,"26/06/2017 22:59:30",185,3,0.17549958366478785,41250000.0,"[0.13027894619058145, 0.0692451954957834, 1.0]","[0.14797710283593316, 0.10600914098590378, 0.746013756178163]",0,3,0,4475768,4475768.0,2.386083066629205,0,15.006243705749512,0,"[7116013.226661855, 21373810.144747242, 103858036.02785182]","[4, 9, 23]","[2848216.0, 3605520.0, 3087136.0]","['; gamma used= 0.175184502944643', 'no selection ----- in the middle of a block']"
380,1498489185.3255026,"26/06/2017 22:59:45",186,2,0.175184502944643,41250000.0,"[0.12917476548313456, 0.06865830704461354, 1.0]","[0.14734324527680376, 0.10567223627580437, 0.7469845184473918]",0,1,4.362264633178711,1033872,1457922.102177099,0.7776696515875531,0.006023883819580078,14.997855186462402,0,"[8573935.328838954, 21373810.144747242, 103858036.02785182]","[5, 9, 23]","[3037904.0, 3640272.0, 4475768.0]","['; gamma used= 0.175184502944643', 'no need to flip coin ----- will not select greedily...; 0 not in numBlockNetworkSelected: True, diff between prob: False, blockLengthPerNetwork[highestProbabilityIndex] <= blockLengthForGreedy:False', 'choosing randomly']"
381,1498489200.3293817,"26/06/2017 23:00:00",187,3,0.175184502944643,41250000.0,"[0.13099361086298975, 0.06865830704461354, 1.0]","[0.1483888080961398, 0.10551418405162469, 0.7460970078522355]",-1,3,4.362943887710571,5443032,7675883.14780163,4.094210157670958,0.009453296661376953,14.998513221740723,0,"[8573935.328838954, 21373810.144747242, 111533919.17565346]","[5, 9, 24]","[1457922.102177099]","['; gamma used= 0.17487167280947338', 'current gain: 1457922.102177099, prev block gain: [3037904.0, 3640272.0, 4475768.0]', ' ----- switch back']"
382,1498489215.3373482,"26/06/2017 23:00:15",187,3,0.17487167280947338,41250000.0,"[0.12958292085099024, 0.06791891534947249, 1.0]","[0.14750862855072128, 0.10500358223409723, 0.7474877892151814]",-1,3,0,8392608,8392608.0,4.47449231683818,0,15.005247354507446,0,"[8573935.328838954, 21373810.144747242, 119926527.17565346]","[5, 9, 25]","[1457922.102177099]","['; gamma used= 0.17456106527672455', 'no selection ----- in the middle of a block']"
383,1498489230.3425956,"26/06/2017 23:00:30",187,3,0.17487167280947338,41250000.0,"[0.1280578897395206, 0.06711959350763558, 1.0]","[0.14662908962845617, 0.10454258529703495, 0.7488283250745089]",-1,3,0,5923768,5923768.0,3.1580360900588245,0,15.00620722770691,0,"[8573935.328838954, 21373810.144747242, 125850295.17565346]","[5, 9, 26]","[1457922.102177099]","['; gamma used= 0.17456106527672455', 'no selection ----- in the middle of a block']"
384,1498489245.3488028,"26/06/2017 23:00:45",188,2,0.17456106527672455,41250000.0,"[0.12699229189866743, 0.06656107662073263, 1.0]","[0.14601248889569626, 0.10421940340934699, 0.7497681076949568]",0,2,3.200474500656128,1975072,2511049.0799921514,1.33974404078463,0.014653205871582031,14.994201898574829,10328,"[8573935.328838954, 23884859.224739395, 125850295.17565346]","[5, 10, 26]","[7675883.14780163, 8392608.0, 5923768.0]","['; gamma used= 0.17456106527672455', 'no need to flip coin ----- will not select greedily...; 0 not in numBlockNetworkSelected: True, diff between prob: False, blockLengthPerNetwork[highestProbabilityIndex] <= blockLengthForGreedy:False', 'choosing randomly']"
385,1498489260.357658,"26/06/2017 23:01:00",189,4,0.17456106527672455,41250000.0,"[0.12699229189866743, 0.0688580134499788, 1.0]","[0.1457737450408268, 0.10563140783332009, 0.7485948471258531]",-1,3,4.3019797801971436,1740496,2440504.255397026,1.3017416002172788,0.009488344192504883,14.99839448928833,0,"[8573935.328838954, 23884859.224739395, 128290799.43105048]","[5, 10, 27]","[2511049.0799921514]","['; gamma used= 0.17425265285823677', 'current gain: 2511049.0799921514, prev block gain: [7675883.14780163, 8392608.0, 5923768.0]', ' ----- switch back']"
386,1498489275.3655407,"26/06/2017 23:01:15",189,4,0.17425265285823677,41250000.0,"[0.12655739882434613, 0.06862220486102276, 1.0]","[0.14545283389334596, 0.10541067211511082, 0.7491364939915434]",-1,3,0,2778712,2778712.0,1.4815239345917073,0,15.00461483001709,0,"[8573935.328838954, 23884859.224739395, 131069511.43105048]","[5, 10, 28]","[2511049.0799921514]","['; gamma used= 0.17394640854894952', 'no selection ----- in the middle of a block']"
387,1498489290.3701556,"26/06/2017 23:01:30",189,4,0.17425265285823677,41250000.0,"[0.12606405071256338, 0.06835470066522666, 1.0]","[0.14516735637804243, 0.10525587992816358, 0.7495767636937941]",-1,3,0,2161864,2161864.0,1.152500834246994,0,15.006420373916626,0,"[8573935.328838954, 23884859.224739395, 133231375.43105048]","[5, 10, 29]","[2511049.0799921514]","['; gamma used= 0.17394640854894952', 'no selection ----- in the middle of a block']"
388,1498489305.376576,"26/06/2017 23:01:45",189,4,0.17425265285823677,41250000.0,"[0.12568155181168408, 0.06814730134935035, 1.0]","[0.144945771697645, 0.10513573184141758, 0.7499184964609376]",-1,3,0,2447120,2447120.0,1.304781443613545,0,15.004014730453491,0,"[8573935.328838954, 23884859.224739395, 135678495.43105048]","[5, 10, 30]","[2511049.0799921514]","['; gamma used= 0.17394640854894952', 'no selection ----- in the middle of a block']"
389,1498489320.3805907,"26/06/2017 23:02:00",190,4,0.17394640854894952,41250000.0,"[0.12524998270988208, 0.06791329509139424, 1.0]","[0.14469549718864433, 0.10500002749866341, 0.7503044753126922]",0,3,0,2717608,2717608.0,1.4489964322847906,0,15.00408387184143,0,"[8573935.328838954, 23884859.224739395, 138396103.43105048]","[5, 10, 31]","[2440504.255397026, 2778712.0, 2161864.0, 2447120.0]","['; gamma used= 0.17394640854894952', 'no need to flip coin ----- will not select greedily...; 0 not in numBlockNetworkSelected: True, diff between prob: False, blockLengthPerNetwork[highestProbabilityIndex] <= blockLengthForGreedy:False', 'choosing randomly']"
390,1498489335.3846745,"26/06/2017 23:02:15",190,4,0.17394640854894952,41250000.0,"[0.12461504057426097, 0.06756901550197283, 1.0]","[0.144257194346583, 0.10471596621084221, 0.7510268394425748]",0,3,0,2800720,2800720.0,1.4929680083630867,0,15.00752854347229,0,"[8573935.328838954, 23884859.224739395, 141196823.43105048]","[5, 10, 32]","[2440504.255397026, 2778712.0, 2161864.0, 2447120.0]","['; gamma used= 0.17364230581592197', 'no selection ----- in the middle of a block']"
391,1498489350.392203,"26/06/2017 23:02:30",190,4,0.17394640854894952,41250000.0,"[0.12396404790941068, 0.06721603296262417, 1.0]","[0.14387838259928232, 0.10451056615072318, 0.7516110512499944]",0,3,0,2554240,2554240.0,1.3615917323983446,0,15.007376670837402,0,"[8573935.328838954, 23884859.224739395, 143751063.43105048]","[5, 10, 33]","[2440504.255397026, 2778712.0, 2161864.0, 2447120.0]","['; gamma used= 0.17364230581592197', 'no selection ----- in the middle of a block']"
392,1498489365.3995798,"26/06/2017 23:02:45",190,4,0.17394640854894952,41250000.0,"[0.12337331195996747, 0.06689572293951973, 1.0]","[0.1435340810967147, 0.10432387830423903, 0.7521420405990463]",0,3,0,3479632,3479632.0,1.8550144879215766,0,15.00638198852539,0,"[8573935.328838954, 23884859.224739395, 147230695.43105048]","[5, 10, 34]","[2440504.255397026, 2778712.0, 2161864.0, 2447120.0]","['; gamma used= 0.17364230581592197', 'no selection ----- in the middle of a block']"
393,1498489380.4059618,"26/06/2017 23:03:00",191,4,0.17364230581592197,41250000.0,"[0.12257308155910476, 0.0664618204177064, 1.0]","[0.14306683747327914, 0.1040705285361081, 0.7528626339906127]",0,3,0,3123272,3123272.0,1.6649777662936542,0,15.00691270828247,0,"[8573935.328838954, 23884859.224739395, 150353967.43105048]","[5, 10, 35]","[2717608.0, 2800720.0, 2554240.0, 3479632.0]","['; gamma used= 0.17364230581592197', 'no need to flip coin ----- will not select greedily...; 0 not in numBlockNetworkSelected: True, diff between prob: False, blockLengthPerNetwork[highestProbabilityIndex] <= blockLengthForGreedy:False', 'choosing randomly']"
394,1498489395.4128745,"26/06/2017 23:03:15",191,4,0.17364230581592197,41250000.0,"[0.121862878844571, 0.06607673288728684, 1.0]","[0.14258166311575318, 0.10376137529233456, 0.7536569615919122]",0,3,0,3586572,3586572.0,1.911947346988407,0,15.006990671157837,0,"[8573935.328838954, 23884859.224739395, 153940539.43105048]","[5, 10, 36]","[2717608.0, 2800720.0, 2554240.0, 3479632.0]","['; gamma used= 0.1733403185876587', 'no selection ----- in the middle of a block']"
395,1498489410.4198651,"26/06/2017 23:03:30",191,4,0.17364230581592197,41250000.0,"[0.12105240049266723, 0.06563727370104869, 1.0]","[0.1421063972234528, 0.1035036756736014, 0.7543899271029458]",0,3,0,3923964,3923964.0,2.0922284664447917,0,15.003959894180298,0,"[8573935.328838954, 23884859.224739395, 157864503.43105048]","[5, 10, 37]","[2717608.0, 2800720.0, 2554240.0, 3479632.0]","['; gamma used= 0.1733403185876587', 'no selection ----- in the middle of a block']"
396,1498489425.423825,"26/06/2017 23:03:45",192,1,0.1733403185876587,41250000.0,"[0.12017185316967487, 0.06515982157774712, 1.0]","[0.14158890669650756, 0.10322308092937027, 0.755188012374122]",2,2,3.126828193664551,845632,1068382.8543213478,0.5699087779051664,0.0092315673828125,14.997247219085693,0,"[0, 1068382.8543213478, 0]","[0, 1, 0]","[3123272.0, 3586572.0, 3923964.0]","['; gamma used= 0.1733403185876587', 'ALGORITHM RESET DUE TO NETWORK QUALITY DROP', 'exploring after a reset', 'prob current block:0.3333333333333333']"
397,1498489440.4303038,"26/06/2017 23:04:00",193,1,0.17304042124373117,41250000.0,"[0.12017185316967487, 0.06545250894392794, 1.0]","[0.1414986484101411, 0.10333252489183303, 0.7551688266980258]",2,1,4.478779554367065,1236592,1763109.2296354086,0.9404655411039808,0.01131749153137207,14.997757196426392,0,"[1763109.2296354086, 1068382.8543213478, 0]","[1, 1, 0]","[1068382.8543213478]","['; gamma used= 0.17304042124373117', 'exploring after a reset', 'prob current block:0.5']"
398,1498489455.4393785,"26/06/2017 23:04:15",194,1,0.172742588604685,41250000.0,"[0.12076482693522587, 0.06545250894392794, 1.0]","[0.14180117823227212, 0.10322686000597264, 0.7549719617617552]",2,3,4.347398042678833,3775448,5316418.555682256,2.835664994195419,0.00951242446899414,14.9987211227417,0,"[1763109.2296354086, 1068382.8543213478, 5316418.555682256]","[1, 1, 1]","[1763109.2296354086]","['; gamma used= 0.172742588604685', 'exploring after a reset', 'prob current block:1.0']"
399,1498489470.447612,"26/06/2017 23:04:30",195,2,0.17244679592222356,41250000.0,"[0.11987344913723098, 0.06496939714079529, 1.0]","[0.14120784733627714, 0.10286012528247701, 0.7559320273812459]",1,3,0,3503936,3503936.0,1.8682051191152353,0,15.004502296447754,0,"[1763109.2296354086, 1068382.8543213478, 8820354.555682257]","[1, 1, 2]","[5316418.555682256]","['; gamma used= 0.17244679592222356', 'current gain: 5316418.555682256, prev block gain: [1763109.2296354086]', 'flipped coin and will select greedily...', 'averageBytePerNet:[1763109.2296354086, 1068382.8543213478, 5316418.555682256], numNetworkHighestAverageByte: 1', 'choosing greedily']"
400,1498489485.4521143,"26/06/2017 23:04:45",195,2,0.17244679592222356,41250000.0,"[0.11871049290403775, 0.06433909438471794, 1.0]","[0.14045281302873552, 0.10240605775518216, 0.7571411292160823]",1,3,0,5929272,5929272.0,3.160950605565709,0,15.006300926208496,0,"[1763109.2296354086, 1068382.8543213478, 14749626.555682257]","[1, 1, 3]","[5316418.555682256]","['; gamma used= 0.1721530188696593', 'no selection ----- in the middle of a block']"
401,1498489500.4584153,"26/06/2017 23:05:00",196,2,0.1721530188696593,41250000.0,"[0.11676820952450512, 0.06328640939773336, 1.0]","[0.13930106466018743, 0.10178182947359829, 0.7589171058662143]",1,3,0,4519208,4519208.0,2.4092856771276177,0,15.00596809387207,0,"[1763109.2296354086, 1068382.8543213478, 19268834.555682257]","[1, 1, 4]","[3503936.0, 5929272.0]","['; gamma used= 0.1721530188696593', 'flipped coin and will select greedily...', 'averageBytePerNet:[1763109.2296354086, 1068382.8543213478, 4916542.185227419], numNetworkHighestAverageByte: 1', 'choosing greedily']"
402,1498489515.4643834,"26/06/2017 23:05:15",196,2,0.1721530188696593,41250000.0,"[0.11531165479695145, 0.06249698118629178, 1.0]","[0.13836480867875917, 0.10122984692090445, 0.7604053444003365]",1,3,0,3546152,3546152.0,1.8908381899848998,0,15.00351333618164,0,"[1763109.2296354086, 1068382.8543213478, 22814986.555682257]","[1, 1, 5]","[3503936.0, 5929272.0]","['; gamma used= 0.17186123353262403', 'no selection ----- in the middle of a block']"
403,1498489530.4678967,"26/06/2017 23:05:30",197,2,0.17186123353262403,41250000.0,"[0.114181452464823, 0.06188443049475837, 1.0]","[0.13768911021990748, 0.10086362969902155, 0.761447260081071]",1,3,0,3974760,3974760.0,2.119059096098513,0,15.005754232406616,0,"[1763109.2296354086, 1068382.8543213478, 26789746.555682257]","[1, 1, 6]","[4519208.0, 3546152.0]","['; gamma used= 0.17186123353262403', 'flipped coin and will select greedily...', 'averageBytePerNet:[1763109.2296354086, 1068382.8543213478, 4562997.311136452], numNetworkHighestAverageByte: 1', 'choosing greedily']"
404,1498489545.473651,"26/06/2017 23:05:45",197,2,0.17186123353262403,41250000.0,"[0.11292991138640285, 0.06120611623962409, 1.0]","[0.13686979747102535, 0.10037532890548968, 0.762754873623485]",1,3,0,3704272,3704272.0,1.9747668919220134,0,15.006417274475098,0,"[1763109.2296354086, 1068382.8543213478, 30494018.555682257]","[1, 1, 7]","[4519208.0, 3546152.0]","['; gamma used= 0.1715714164000298', 'no selection ----- in the middle of a block']"
405,1498489560.4800682,"26/06/2017 23:06:00",198,2,0.1715714164000298,41250000.0,"[0.11177589209544987, 0.0605806571562183, 1.0]","[0.13617526906083388, 0.09999890616607524, 0.7638258247730909]",0,3,0,4306064,4306064.0,2.29562541991165,0,15.006155490875244,0,"[1763109.2296354086, 1068382.8543213478, 34800082.55568226]","[1, 1, 8]","[3974760.0, 3704272.0]","['; gamma used= 0.1715714164000298', 'flipped coin but will not select greedily...', 'choosing randomly']"
406,1498489575.4862237,"26/06/2017 23:06:15",198,2,0.1715714164000298,41250000.0,"[0.1109071088389867, 0.0601097912153058, 1.0]","[0.1355823198189787, 0.09963358755439347, 0.7647840926266279]",0,3,0,4222368,4222368.0,2.251355869711509,0,15.003822565078735,0,"[1763109.2296354086, 1068382.8543213478, 39022450.55568226]","[1, 1, 9]","[3974760.0, 3704272.0]","['; gamma used= 0.17128354435527232', 'no selection ----- in the middle of a block']"
407,1498489590.4900463,"26/06/2017 23:06:30",199,2,0.17128354435527232,41250000.0,"[0.1100617693171123, 0.05965163138499513, 1.0]","[0.13507088003466144, 0.09935639577673076, 0.7655727241886078]",1,3,0,5815168,5815168.0,3.1005518256903506,0,15.0042142868042,0,"[1763109.2296354086, 1068382.8543213478, 44837618.55568226]","[1, 1, 10]","[4306064.0, 4222368.0]","['; gamma used= 0.17128354435527232', 'flipped coin and will select greedily...', 'averageBytePerNet:[1763109.2296354086, 1068382.8543213478, 4335827.83952025], numNetworkHighestAverageByte: 1', 'choosing greedily']"
408,1498489605.4942605,"26/06/2017 23:06:45",199,2,0.17128354435527232,41250000.0,"[0.10830712742952953, 0.05870064493674724, 1.0]","[0.13393687702795076, 0.09869812859767424, 0.767364994374375]",1,3,0,3501264,3501264.0,1.866866595061498,0,15.003810167312622,0,"[1763109.2296354086, 1068382.8543213478, 48338882.55568226]","[1, 1, 11]","[4306064.0, 4222368.0]","['; gamma used= 0.17099759466766973', 'no selection ----- in the middle of a block']"
409,1498489620.4980707,"26/06/2017 23:07:00",200,2,0.17099759466766973,41250000.0,"[0.10726419242408004, 0.05813539167133469, 1.0]","[0.13330115914578267, 0.09835358017720791, 0.7683452606770095]",0,3,0,3110304,3110304.0,1.7765343188554845,0,14.00616455078125,0,"[1763109.2296354086, 1068382.8543213478, 51449186.55568226]","[1, 1, 12]","[5815168.0, 3501264.0]","['; gamma used= 0.17099759466766973', 'flipped coin but will not select greedily...', 'choosing randomly']"
410,1498489634.5042353,"26/06/2017 23:07:14",200,2,0.17099759466766973,41250000.0,"[0.10666686574795699, 0.05781165064007928, 1.0]","[0.13286760552741683, 0.09807523488624902, 0.7690571595863342]",0,3,0,2965504,2965504.0,1.5811605161212081,0,15.004189491271973,0,"[1763109.2296354086, 1068382.8543213478, 54414690.55568226]","[1, 1, 13]","[5815168.0, 3501264.0]","['; gamma used= 0.17071354498412838', 'no selection ----- in the middle of a block']"
411,1498489649.5084248,"26/06/2017 23:07:29",201,2,0.17071354498412838,41250000.0,"[0.10610044551999806, 0.05750466038490847, 1.0]","[0.1325209435359524, 0.09788734990622074, 0.7695917065578268]",0,3,0,3609864,3609864.0,1.9247175984632126,0,15.004233360290527,0,"[1763109.2296354086, 1068382.8543213478, 58024554.55568226]","[1, 1, 14]","[3110304.0, 2965504.0]","['; gamma used= 0.17071354498412838', 'flipped coin but will not select greedily...', 'choosing randomly']"
412,1498489664.512658,"26/06/2017 23:07:44",201,2,0.17071354498412838,41250000.0,"[0.10541724217893361, 0.057134375642849206, 1.0]","[0.1320336439806811, 0.09758016194131092, 0.770386194078008]",0,3,0,3123400,3123400.0,1.6649992339192419,0,15.007334232330322,0,"[1763109.2296354086, 1068382.8543213478, 61147954.55568226]","[1, 1, 15]","[3110304.0, 2965504.0]","['; gamma used= 0.1704313733210296', 'no selection ----- in the middle of a block']"
413,1498489679.5199924,"26/06/2017 23:07:59",202,3,0.1704313733210296,41250000.0,"[0.10482965807505247, 0.05681591492220231, 1.0]","[0.1316727027699417, 0.09738453786413798, 0.7709427593659203]",1,3,0,3729984,3729984.0,1.98881794265422,0,15.003822803497314,0,"[1763109.2296354086, 1068382.8543213478, 64877938.55568226]","[1, 1, 16]","[3609864.0, 3123400.0]","['; gamma used= 0.1704313733210296', 'flipped coin and will select greedily...', 'averageBytePerNet:[1763109.2296354086, 1068382.8543213478, 4076530.3037121505], numNetworkHighestAverageByte: 1', 'choosing greedily']"
414,1498489694.5238152,"26/06/2017 23:08:14",202,3,0.1704313733210296,41250000.0,"[0.10375990098455064, 0.05623612453694836, 1.0]","[0.13094575992861235, 0.09694775068157173, 0.772106489389816]",1,3,0,5466200,5466200.0,2.9145725404000644,0,15.003778219223022,0,"[1763109.2296354086, 1068382.8543213478, 70344138.55568226]","[1, 1, 17]","[3609864.0, 3123400.0]","['; gamma used= 0.1701510580563294', 'no selection ----- in the middle of a block']"
415,1498489709.5275934,"26/06/2017 23:08:29",202,3,0.1704313733210296,41250000.0,"[0.10221188825140964, 0.05539712762176568, 1.0]","[0.12998910531242655, 0.09642925993876848, 0.7735816347488049]",1,3,0,3181384,3181384.0,1.6960037907699528,0,15.006494760513306,0,"[1763109.2296354086, 1068382.8543213478, 73525522.55568226]","[1, 1, 18]","[3609864.0, 3123400.0]","['; gamma used= 0.1701510580563294', 'no selection ----- in the middle of a block']"
416,1498489724.5340881,"26/06/2017 23:08:44",203,3,0.1701510580563294,41250000.0,"[0.1013215836663651, 0.0549145974820363, 1.0]","[0.129437117868728, 0.09613009201038655, 0.7744327901208854]",0,3,0,2735144,2735144.0,1.4580323479272819,0,15.007315874099731,0,"[1763109.2296354086, 1068382.8543213478, 76260666.55568226]","[1, 1, 19]","[3729984.0, 5466200.0, 3181384.0]","['; gamma used= 0.1701510580563294', 'no need to flip coin ----- will not select greedily...; 0 not in numBlockNetworkSelected: True, diff between prob: False, blockLengthPerNetwork[highestProbabilityIndex] <= blockLengthForGreedy:False', 'choosing randomly']"
417,1498489739.541404,"26/06/2017 23:08:59",203,3,0.1701510580563294,41250000.0,"[0.10083155197381191, 0.05464900853073636, 1.0]","[0.12906421384496686, 0.09588546809724827, 0.7750503180577848]",0,3,0,3728600,3728600.0,1.9880599369066827,0,15.003974199295044,0,"[1763109.2296354086, 1068382.8543213478, 79989266.55568226]","[1, 1, 20]","[3729984.0, 5466200.0, 3181384.0]","['; gamma used= 0.16987257792186555', 'no selection ----- in the middle of a block']"
418,1498489754.5453782,"26/06/2017 23:09:14",203,3,0.1701510580563294,41250000.0,"[0.10016734683136391, 0.05428902049340825, 1.0]","[0.12865087442350664, 0.09566144506946292, 0.7756876805070305]",0,3,0,3832856,3832856.0,2.043372219755803,0,15.006002187728882,0,"[1763109.2296354086, 1068382.8543213478, 83822122.55568226]","[1, 1, 21]","[3729984.0, 5466200.0, 3181384.0]","['; gamma used= 0.16987257792186555', 'no selection ----- in the middle of a block']"
419,1498489769.5513804,"26/06/2017 23:09:29",204,3,0.16987257792186555,41250000.0,"[0.0994891299788268, 0.053921438344423624, 1.0]","[0.12822805796169456, 0.09543228564489603, 0.7763396563934095]",0,3,0,3201528,3201528.0,1.7070841774964047,0,15.0034921169281,0,"[1763109.2296354086, 1068382.8543213478, 87023650.55568226]","[1, 1, 22]","[2735144.0, 3728600.0, 3832856.0]","['; gamma used= 0.16987257792186555', 'no need to flip coin ----- will not select greedily...; 0 not in numBlockNetworkSelected: True, diff between prob: False, blockLengthPerNetwork[highestProbabilityIndex] <= blockLengthForGreedy:False', 'choosing randomly']"
420,1498489784.5548725,"26/06/2017 23:09:44",204,3,0.16987257792186555,41250000.0,"[0.09892843757161593, 0.05361755247194648, 1.0]","[0.12780945519866185, 0.09516317076151845, 0.7770273740398197]",0,3,0,4601744,4601744.0,2.4532853821463205,0,15.005980253219604,0,"[1763109.2296354086, 1068382.8543213478, 91625394.55568226]","[1, 1, 23]","[2735144.0, 3728600.0, 3832856.0]","['; gamma used= 0.1695959119958648', 'no selection ----- in the middle of a block']"
421,1498489799.5608528,"26/06/2017 23:09:59",204,3,0.16987257792186555,41250000.0,"[0.0981280520686984, 0.05318375696527632, 1.0]","[0.12730857084113617, 0.09489169984798493, 0.7777997293108789]",0,3,0,4749440,4749440.0,2.5323708882294054,0,15.003931760787964,0,"[1763109.2296354086, 1068382.8543213478, 96374834.55568226]","[1, 1, 24]","[2735144.0, 3728600.0, 3832856.0]","['; gamma used= 0.1695959119958648', 'no selection ----- in the middle of a block']"
422,1498489814.5647845,"26/06/2017 23:10:14",205,3,0.1695959119958648,41250000.0,"[0.09730876772828662, 0.05273971860593528, 1.0]","[0.12679474608772442, 0.09461321545710899, 0.7785920384551666]",0,3,0,3816928,3816928.0,2.0347724794425543,0,15.006800174713135,0,"[1763109.2296354086, 1068382.8543213478, 100191762.55568226]","[1, 1, 25]","[3201528.0, 4601744.0, 4749440.0]","['; gamma used= 0.1695959119958648', 'no need to flip coin ----- will not select greedily...; 0 not in numBlockNetworkSelected: True, diff between prob: False, blockLengthPerNetwork[highestProbabilityIndex] <= blockLengthForGreedy:False', 'choosing randomly']"
423,1498489829.5715847,"26/06/2017 23:10:29",205,3,0.1695959119958648,41250000.0,"[0.09665823976478026, 0.05238714336999748, 1.0]","[0.1263174526318243, 0.09431256504033175, 0.7793699823278439]",0,3,0,3341984,3341984.0,1.7813994369890476,0,15.008353233337402,0,"[1763109.2296354086, 1068382.8543213478, 103533746.55568226]","[1, 1, 26]","[3201528.0, 4601744.0, 4749440.0]","['; gamma used= 0.16932103969564452', 'no selection ----- in the middle of a block']"
424,1498489844.579938,"26/06/2017 23:10:44",205,3,0.1695959119958648,41250000.0,"[0.09609222947462778, 0.052080375294236224, 1.0]","[0.1259610727537482, 0.09411941312889216, 0.7799195141173596]",0,3,0,4554024,4554024.0,2.4277237413281836,0,15.006728887557983,0,"[1763109.2296354086, 1068382.8543213478, 108087770.55568226]","[1, 1, 27]","[3201528.0, 4601744.0, 4749440.0]","['; gamma used= 0.16932103969564452', 'no selection ----- in the middle of a block']"
425,1498489859.5866668,"26/06/2017 23:10:59",206,4,0.16932103969564452,41250000.0,"[0.09532627548644117, 0.05166524109055528, 1.0]","[0.12547793774730087, 0.0938575620656883, 0.7806645001870108]",0,3,0,4000760,4000760.0,2.1331055962344347,0,15.004451751708984,0,"[1763109.2296354086, 1068382.8543213478, 112088530.55568226]","[1, 1, 28]","[3816928.0, 3341984.0, 4554024.0]","['; gamma used= 0.16932103969564452', 'no need to flip coin ----- will not select greedily...; 0 not in numBlockNetworkSelected: True, diff between prob: False, blockLengthPerNetwork[highestProbabilityIndex] <= blockLengthForGreedy:False', 'choosing randomly']"
426,1498489874.5911186,"26/06/2017 23:11:14",206,4,0.16932103969564452,41250000.0,"[0.0946612533978622, 0.0513048102821381, 1.0]","[0.12498918516507626, 0.0935509717399903, 0.7814598430949333]",0,3,0,3271032,3271032.0,1.7438133451040743,0,15.006340026855469,0,"[1763109.2296354086, 1068382.8543213478, 115359562.55568226]","[1, 1, 29]","[3816928.0, 3341984.0, 4554024.0]","['; gamma used= 0.1690479407705028', 'no selection ----- in the middle of a block']"
427,1498489889.5974586,"26/06/2017 23:11:29",206,4,0.16932103969564452,41250000.0,"[0.09412097827143252, 0.05101199023310356, 1.0]","[0.12464707713589665, 0.09336555493107393, 0.7819873679330294]",0,3,0,3418760,3418760.0,1.8224852804812912,0,15.007023811340332,0,"[1763109.2296354086, 1068382.8543213478, 118778322.55568226]","[1, 1, 30]","[3816928.0, 3341984.0, 4554024.0]","['; gamma used= 0.1690479407705028', 'no selection ----- in the middle of a block']"
428,1498489904.6044824,"26/06/2017 23:11:44",206,4,0.16932103969564452,41250000.0,"[0.09355959832000152, 0.050707731723200776, 1.0]","[0.12429107758491054, 0.09317260915053263, 0.7825363132645569]",0,3,0,2923480,2923480.0,1.558460519122543,0,15.007014751434326,0,"[1763109.2296354086, 1068382.8543213478, 121701802.55568226]","[1, 1, 31]","[3816928.0, 3341984.0, 4554024.0]","['; gamma used= 0.1690479407705028', 'no selection ----- in the middle of a block']"
429,1498489919.6114972,"26/06/2017 23:11:59",207,4,0.1690479407705028,41250000.0,"[0.09308220279074778, 0.05044899136028839, 1.0]","[0.12398791276630311, 0.09300829890801449, 0.7830037883256824]",0,3,0,3492576,3492576.0,1.8618432856527,0,15.006960153579712,0,"[1763109.2296354086, 1068382.8543213478, 125194378.55568226]","[1, 1, 32]","[4000760.0, 3271032.0, 3418760.0, 2923480.0]","['; gamma used= 0.1690479407705028', 'no need to flip coin ----- will not select greedily...; 0 not in numBlockNetworkSelected: True, diff between prob: False, blockLengthPerNetwork[highestProbabilityIndex] <= blockLengthForGreedy:False', 'choosing randomly']"
430,1498489934.6184573,"26/06/2017 23:12:14",207,4,0.1690479407705028,41250000.0,"[0.09251766198784928, 0.0501430197219508, 1.0]","[0.12356042471597409, 0.09273518063325972, 0.7837043946507662]",0,3,0,4677040,4677040.0,2.4932626110044613,0,15.00697112083435,0,"[1763109.2296354086, 1068382.8543213478, 129871418.55568226]","[1, 1, 33]","[4000760.0, 3271032.0, 3418760.0, 2923480.0]","['; gamma used= 0.16877659529479094', 'no selection ----- in the middle of a block']"
431,1498489949.6254284,"26/06/2017 23:12:29",207,4,0.1690479407705028,41250000.0,"[0.09176702306138451, 0.04973618602463223, 1.0]","[0.12308206519230522, 0.09247591780155671, 0.784442017006138]",0,3,0,3938560,3938560.0,2.1000008675773683,0,15.004031896591187,0,"[1763109.2296354086, 1068382.8543213478, 133809978.55568226]","[1, 1, 34]","[4000760.0, 3271032.0, 3418760.0, 2923480.0]","['; gamma used= 0.16877659529479094', 'no selection ----- in the middle of a block']"
432,1498489964.6294603,"26/06/2017 23:12:44",207,4,0.1690479407705028,41250000.0,"[0.09113963185825522, 0.04939615052442663, 1.0]","[0.12268150283307827, 0.0922588197270158, 0.7850596774399059]",0,3,0,4816048,4816048.0,2.5677698431426474,0,15.00460958480835,0,"[1763109.2296354086, 1068382.8543213478, 138626026.55568224]","[1, 1, 35]","[4000760.0, 3271032.0, 3418760.0, 2923480.0]","['; gamma used= 0.16877659529479094', 'no selection ----- in the middle of a block']"
433,1498489979.63407,"26/06/2017 23:12:59",208,4,0.16877659529479094,41250000.0,"[0.09037828787343541, 0.04898351486518329, 1.0]","[0.12219450378389618, 0.09199487441751462, 0.7858106217985891]",0,3,0,4659664,4659664.0,2.4839012576474797,0,15.007565975189209,0,"[1763109.2296354086, 1068382.8543213478, 143285690.55568224]","[1, 1, 36]","[3492576.0, 4677040.0, 3938560.0, 4816048.0]","['; gamma used= 0.16877659529479094', 'no need to flip coin ----- will not select greedily...; 0 not in numBlockNetworkSelected: True, diff between prob: False, blockLengthPerNetwork[highestProbabilityIndex] <= blockLengthForGreedy:False', 'choosing randomly']"
434,1498489994.641636,"26/06/2017 23:13:14",208,4,0.16877659529479094,41250000.0,"[0.0896514770884181, 0.048589595620531, 1.0]","[0.12166002179812455, 0.0916640319354291, 0.7866759462664463]",0,3,0,2935096,2935096.0,1.5646165067973548,0,15.007363080978394,0,"[1763109.2296354086, 1068382.8543213478, 146220786.55568224]","[1, 1, 37]","[3492576.0, 4677040.0, 3938560.0, 4816048.0]","['; gamma used= 0.168506983661163', 'no selection ----- in the middle of a block']"
435,1498490009.648999,"26/06/2017 23:13:29",208,4,0.16877659529479094,41250000.0,"[0.08919666644718527, 0.048343095887797956, 1.0]","[0.12136795083398388, 0.09150573437580165, 0.7871263147902146]",0,3,0,3036456,3036456.0,1.618688509987649,0,15.006993532180786,0,"[1763109.2296354086, 1068382.8543213478, 149257242.55568224]","[1, 1, 38]","[3492576.0, 4677040.0, 3938560.0, 4816048.0]","['; gamma used= 0.168506983661163', 'no selection ----- in the middle of a block']"
436,1498490024.6559925,"26/06/2017 23:13:44",208,4,0.16877659529479094,41250000.0,"[0.08872857752106961, 0.04808939954755833, 1.0]","[0.1210669765056678, 0.09134261134225011, 0.7875904121520821]",0,3,0,4070328,4070328.0,2.1698884496132926,0,15.00658893585205,0,"[1763109.2296354086, 1068382.8543213478, 153327570.55568224]","[1, 1, 39]","[3492576.0, 4677040.0, 3938560.0, 4816048.0]","['; gamma used= 0.168506983661163', 'no selection ----- in the middle of a block']"
437,1498490039.6625814,"26/06/2017 23:13:59",209,5,0.168506983661163,41250000.0,"[0.08810496180294258, 0.04775141029684565, 1.0]","[0.12066540646231289, 0.09112496711982762, 0.7882096264178595]",0,3,0,4000824,4000824.0,2.1326450308448757,0,15.007932186126709,0,"[1763109.2296354086, 1068382.8543213478, 157328394.55568224]","[1, 1, 40]","[4659664.0, 2935096.0, 3036456.0, 4070328.0]","['; gamma used= 0.168506983661163', 'no need to flip coin ----- will not select greedily...; 0 not in numBlockNetworkSelected: True, diff between prob: False, blockLengthPerNetwork[highestProbabilityIndex] <= blockLengthForGreedy:False', 'choosing randomly']"
438,1498490054.6705136,"26/06/2017 23:14:14",209,5,0.168506983661163,41250000.0,"[0.08749907404137487, 0.047423029300992466, 1.0]","[0.12020595541003581, 0.09083505190785407, 0.7889589926821102]",0,3,0,4181824,4181824.0,2.2297712892761474,0,15.003597974777222,0,"[1763109.2296354086, 1068382.8543213478, 161510218.55568224]","[1, 1, 41]","[4659664.0, 2935096.0, 3036456.0, 4070328.0]","['; gamma used= 0.16823908657399744', 'no selection ----- in the middle of a block']"
439,1498490069.6741116,"26/06/2017 23:14:29",209,5,0.168506983661163,41250000.0,"[0.08687022867864265, 0.04708220567069277, 1.0]","[0.11979952941411268, 0.09061477584065551, 0.7895856947452319]",0,3,0,4423640,4423640.0,2.3586705143791957,0,15.003842115402222,0,"[1763109.2296354086, 1068382.8543213478, 165933858.55568224]","[1, 1, 42]","[4659664.0, 2935096.0, 3036456.0, 4070328.0]","['; gamma used= 0.16823908657399744', 'no selection ----- in the middle of a block']"
440,1498490084.6779537,"26/06/2017 23:14:44",209,5,0.168506983661163,41250000.0,"[0.08620993834558392, 0.046724339394336525, 1.0]","[0.11937203160595022, 0.09038307920495156, 0.7902448891890982]",0,3,0,6640528,6640528.0,3.5406520875856002,0,15.004079103469849,0,"[1763109.2296354086, 1068382.8543213478, 172574386.55568224]","[1, 1, 43]","[4659664.0, 2935096.0, 3036456.0, 4070328.0]","['; gamma used= 0.16823908657399744', 'no selection ----- in the middle of a block']"
441,1498490099.6820328,"26/06/2017 23:14:59",209,5,0.168506983661163,41250000.0,"[0.08522815613342617, 0.0461922299163284, 1.0]","[0.1187349648385379, 0.09003779971132633, 0.7912272354501357]",0,3,0,4593056,4593056.0,2.4489528042334743,0,15.004147052764893,0,"[1763109.2296354086, 1068382.8543213478, 177167442.55568224]","[1, 1, 44]","[4659664.0, 2935096.0, 3036456.0, 4070328.0]","['; gamma used= 0.16823908657399744', 'no selection ----- in the middle of a block']"
442,1498490114.6861799,"26/06/2017 23:15:14",210,2,0.16823908657399744,41250000.0,"[0.08455563542634532, 0.045827734982561014, 1.0]","[0.11829758938141263, 0.08980074955569864, 0.7919016610628887]",0,1,5.118573188781738,816672,1239869.2466958265,0.6614300213556988,0.00831747055053711,14.996225833892822,2896,"[3002978.476331235, 1068382.8543213478, 177167442.55568224]","[2, 1, 44]","[4000824.0, 4181824.0, 4423640.0, 6640528.0, 4593056.0]","['; gamma used= 0.16823908657399744', 'no need to flip coin ----- will not select greedily...; 0 not in numBlockNetworkSelected: True, diff between prob: False, blockLengthPerNetwork[highestProbabilityIndex] <= blockLengthForGreedy:False', 'choosing randomly']"
443,1498490129.6907232,"26/06/2017 23:15:29",211,5,0.16823908657399744,41250000.0,"[0.0857671521211281, 0.045827734982561014, 1.0]","[0.11905292577316991, 0.08968669374651195, 0.7912603804803182]",-1,3,4.205794334411621,2729608,3793340.5150271566,2.0233657291774723,0.010388851165771484,14.998140811920166,4344,"[3002978.476331235, 1068382.8543213478, 180960783.0707094]","[2, 1, 45]","[1239869.2466958265]","['; gamma used= 0.16797288504298472', 'current gain: 1239869.2466958265, prev block gain: [4000824.0, 4181824.0, 4423640.0, 6640528.0, 4593056.0]', ' ----- switch back']"
444,1498490144.6992528,"26/06/2017 23:15:44",211,5,0.16797288504298472,41250000.0,"[0.08532737109250764, 0.04559274795161106, 1.0]","[0.11869878484327702, 0.08945640592822512, 0.7918448092284979]",-1,3,0,6117672,6117672.0,3.260945599078754,0,15.008338689804077,0,"[3002978.476331235, 1068382.8543213478, 187078455.0707094]","[2, 1, 46]","[1239869.2466958265]","['; gamma used= 0.16770836037687697', 'no selection ----- in the middle of a block']"
445,1498490159.7075915,"26/06/2017 23:15:59",211,5,0.16797288504298472,41250000.0,"[0.08462286462905261, 0.045216310880981485, 1.0]","[0.1182398912920772, 0.08921120655376193, 0.7925489021541609]",-1,3,0,6129384,6129384.0,3.2682412267064516,0,15.003504514694214,0,"[3002978.476331235, 1068382.8543213478, 193207839.0707094]","[2, 1, 47]","[1239869.2466958265]","['; gamma used= 0.16770836037687697', 'no selection ----- in the middle of a block']"
446,1498490174.711096,"26/06/2017 23:16:14",211,5,0.16797288504298472,41250000.0,"[0.08392284287039317, 0.04484227011077421, 1.0]","[0.11778304840842063, 0.08896710290704979, 0.7932498486845296]",-1,3,0,5360496,5360496.0,2.8577472581225876,0,15.006214380264282,0,"[3002978.476331235, 1068382.8543213478, 198568335.0707094]","[2, 1, 48]","[1239869.2466958265]","['; gamma used= 0.16770836037687697', 'no selection ----- in the middle of a block']"
447,1498490189.7173104,"26/06/2017 23:16:29",211,5,0.16797288504298472,41250000.0,"[0.08331538225490229, 0.04451768729077171, 1.0]","[0.11738590692344193, 0.08875489935039582, 0.7938591937261623]",-1,3,0,6725960,6725960.0,3.586256944019559,0,15.003855228424072,0,"[3002978.476331235, 1068382.8543213478, 205294295.0707094]","[2, 1, 49]","[1239869.2466958265]","['; gamma used= 0.16770836037687697', 'no selection ----- in the middle of a block']"
448,1498490204.7211657,"26/06/2017 23:16:44",212,2,0.16770836037687697,41250000.0,"[0.08255940078447804, 0.04411374571615349, 1.0]","[0.11689074879230549, 0.08849032281909008, 0.7946189283886045]",0,1,4.432339668273926,1306800,1855149.4983801863,0.9897246861384675,0.01161503791809082,14.995277166366577,0,"[4858127.974711421, 1068382.8543213478, 205294295.0707094]","[3, 1, 49]","[3793340.5150271566, 6117672.0, 6129384.0, 5360496.0, 6725960.0]","['; gamma used= 0.16770836037687697', 'no need to flip coin ----- will not select greedily...; 0 not in numBlockNetworkSelected: True, diff between prob: False, blockLengthPerNetwork[highestProbabilityIndex] <= blockLengthForGreedy:False', 'choosing randomly']"
449,1498490219.7280579,"26/06/2017 23:16:59",213,6,0.16770836037687697,41250000.0,"[0.08435151249896697, 0.04411374571615349, 1.0]","[0.11804768034178108, 0.08836122451569983, 0.7935910951425191]",-1,3,4.486210823059082,4610432,6578021.677466753,3.508688744369052,0.010464906692504883,14.998245000839233,4440,"[4858127.974711421, 1068382.8543213478, 211872316.74817616]","[3, 1, 50]","[1855149.4983801863]","['; gamma used= 0.16744549417739416', 'current gain: 1855149.4983801863, prev block gain: [3793340.5150271566, 6117672.0, 6129384.0, 5360496.0, 6725960.0]', ' ----- switch back']"
450,1498490234.7367678,"26/06/2017 23:17:14",213,6,0.16744549417739416,41250000.0,"[0.08360521830915152, 0.043723452393086344, 1.0]","[0.11749156877997832, 0.08802885491068699, 0.7944795763093346]",-1,3,0,6831664,6831664.0,3.642412625711868,0,15.004700899124146,0,"[4858127.974711421, 1068382.8543213478, 218703980.74817616]","[3, 1, 51]","[1855149.4983801863]","['; gamma used= 0.16718426833328243', 'no selection ----- in the middle of a block']"
451,1498490249.7414687,"26/06/2017 23:17:29",213,6,0.16744549417739416,41250000.0,"[0.08283713651223558, 0.043321764692717354, 1.0]","[0.11698771309060943, 0.08776535090109702, 0.7952469360082934]",-1,3,0,6933376,6933376.0,3.696564439133986,0,15.005015850067139,0,"[4858127.974711421, 1068382.8543213478, 225637356.74817616]","[3, 1, 52]","[1855149.4983801863]","['; gamma used= 0.16718426833328243', 'no selection ----- in the middle of a block']"
452,1498490264.7464845,"26/06/2017 23:17:44",213,6,0.16744549417739416,41250000.0,"[0.08206483367990888, 0.04291786949568052, 1.0]","[0.11648003195191454, 0.08749984627653504, 0.7960201217715503]",-1,3,0,9280328,9280328.0,4.948084114496719,0,15.004317283630371,0,"[4858127.974711421, 1068382.8543213478, 234917684.74817616]","[3, 1, 53]","[1855149.4983801863]","['; gamma used= 0.16718426833328243', 'no selection ----- in the middle of a block']"
453,1498490279.7508018,"26/06/2017 23:17:59",213,6,0.16744549417739416,41250000.0,"[0.08104236275859147, 0.04238314260236358, 1.0]","[0.11580626491286708, 0.08714748285172, 0.7970462522354129]",-1,3,0,7582728,7582728.0,4.042970873055016,0,15.004269361495972,0,"[4858127.974711421, 1068382.8543213478, 242500412.74817616]","[3, 1, 54]","[1855149.4983801863]","['; gamma used= 0.16718426833328243', 'no selection ----- in the middle of a block']"
454,1498490294.7550712,"26/06/2017 23:18:14",213,6,0.16744549417739416,41250000.0,"[0.08021639102611507, 0.041951179903702535, 1.0]","[0.11526061748631622, 0.08686212280170508, 0.7978772597119788]",-1,3,0,4132592,4132592.0,2.2035000703198393,0,15.003737211227417,0,"[4858127.974711421, 1068382.8543213478, 246633004.74817616]","[3, 1, 55]","[1855149.4983801863]","['; gamma used= 0.16718426833328243', 'no selection ----- in the middle of a block']"
455,1498490309.7588084,"26/06/2017 23:18:29",214,6,0.16718426833328243,41250000.0,"[0.07976978552561527, 0.041717616320776564, 1.0]","[0.11496507435218278, 0.08670756108394717, 0.79832736456387]",0,3,0,2848216,2848216.0,1.5183931206279613,0,15.006474733352661,0,"[4858127.974711421, 1068382.8543213478, 249481220.74817616]","[3, 1, 56]","[6578021.677466753, 6831664.0, 6933376.0, 9280328.0, 7582728.0, 4132592.0]","['; gamma used= 0.16718426833328243', 'no need to flip coin ----- will not select greedily...; 0 not in numBlockNetworkSelected: True, diff between prob: False, blockLengthPerNetwork[highestProbabilityIndex] <= blockLengthForGreedy:False', 'choosing randomly']"
456,1498490324.765283,"26/06/2017 23:18:44",214,6,0.16718426833328243,41250000.0,"[0.07938681879926128, 0.04151733423591964, 1.0]","[0.11464321048585996, 0.08649795519984164, 0.7988588343142984]",0,3,0,3421624,3421624.0,1.8240856111658383,0,15.006418466567993,0,"[4858127.974711421, 1068382.8543213478, 252902844.74817616]","[3, 1, 57]","[6578021.677466753, 6831664.0, 6933376.0, 9280328.0, 7582728.0, 4132592.0]","['; gamma used= 0.16692466501452005', 'no selection ----- in the middle of a block']"
457,1498490339.7717016,"26/06/2017 23:18:59",214,6,0.16718426833328243,41250000.0,"[0.07892918279941503, 0.041278001975836906, 1.0]","[0.11433958541779897, 0.08633916683139767, 0.7993212477508034]",0,3,0,3373840,3373840.0,1.7985620192116005,0,15.00683307647705,0,"[4858127.974711421, 1068382.8543213478, 256276684.74817616]","[3, 1, 58]","[6578021.677466753, 6831664.0, 6933376.0, 9280328.0, 7582728.0, 4132592.0]","['; gamma used= 0.16692466501452005', 'no selection ----- in the middle of a block']"
458,1498490354.7785347,"26/06/2017 23:19:14",214,6,0.16718426833328243,41250000.0,"[0.07848052099094863, 0.0410433629949238, 1.0]","[0.11404154740303217, 0.08618330035304222, 0.7997751522439255]",0,3,0,3423840,3423840.0,1.8251896341321516,0,15.007054328918457,0,"[4858127.974711421, 1068382.8543213478, 259700524.74817616]","[3, 1, 59]","[6578021.677466753, 6831664.0, 6933376.0, 9280328.0, 7582728.0, 4132592.0]","['; gamma used= 0.16692466501452005', 'no selection ----- in the middle of a block']"
459,1498490369.785589,"26/06/2017 23:19:29",214,6,0.16718426833328243,41250000.0,"[0.07802781731110785, 0.04080661021568339, 1.0]","[0.11374045547247016, 0.08602583675258621, 0.8002337077749436]",0,3,0,2914056,2914056.0,1.5533407865300606,0,15.007941722869873,0,"[4858127.974711421, 1068382.8543213478, 262614580.74817616]","[3, 1, 60]","[6578021.677466753, 6831664.0, 6933376.0, 9280328.0, 7582728.0, 4132592.0]","['; gamma used= 0.16692466501452005', 'no selection ----- in the middle of a block']"
460,1498490384.7935307,"26/06/2017 23:19:44",214,6,0.16718426833328243,41250000.0,"[0.07764457547604904, 0.04060618425580764, 1.0]","[0.11348527222263591, 0.08589238225176327, 0.8006223455256007]",0,3,0,3801000,3801000.0,2.0263130410061474,0,15.006565809249878,0,"[4858127.974711421, 1068382.8543213478, 266415580.74817616]","[3, 1, 61]","[6578021.677466753, 6831664.0, 6933376.0, 9280328.0, 7582728.0, 4132592.0]","['; gamma used= 0.16692466501452005', 'no selection ----- in the middle of a block']"
461,1498490399.8000965,"26/06/2017 23:19:59",215,2,0.16692466501452005,41250000.0,"[0.0771475147661482, 0.04034623385168982, 1.0]","[0.11315390510666166, 0.08571908548138275, 0.8011270094119556]",0,2,3.225064754486084,1112064,1416773.137301998,0.7558524507221649,0.011191129684448242,14.995234966278076,0,"[4858127.974711421, 2485155.9916233458, 266415580.74817616]","[3, 2, 61]","[2848216.0, 3421624.0, 3373840.0, 3423840.0, 2914056.0, 3801000.0]","['; gamma used= 0.16692466501452005', 'no need to flip coin ----- will not select greedily...; 0 not in numBlockNetworkSelected: True, diff between prob: False, blockLengthPerNetwork[highestProbabilityIndex] <= blockLengthForGreedy:False', 'choosing randomly']"
462,1498490414.8065226,"26/06/2017 23:20:14",216,7,0.16692466501452005,41250000.0,"[0.0771475147661482, 0.04125441400171048, 1.0]","[0.11303900044668211, 0.08629466414474912, 0.8006663354085688]",-1,3,4.270800352096558,5162120,7217246.615007375,3.849632753726834,0.009978055953979492,14.99830675125122,0,"[4858127.974711421, 2485155.9916233458, 273632827.36318356]","[3, 2, 62]","[1416773.137301998]","['; gamma used= 0.16666666666666669', 'current gain: 1416773.137301998, prev block gain: [2848216.0, 3421624.0, 3373840.0, 3423840.0, 2914056.0, 3801000.0]', ' ----- switch back']"
463,1498490429.8148074,"26/06/2017 23:20:29",216,7,0.16666666666666669,41250000.0,"[0.07640240097025343, 0.04085596651954068, 1.0]","[0.11247414072515376, 0.08595284175268234, 0.801573017522164]",-1,3,0,6463872,6463872.0,3.446279029349315,0,15.00487208366394,0,"[4858127.974711421, 2485155.9916233458, 280096699.36318356]","[3, 2, 63]","[1416773.137301998]","['; gamma used= 0.16641025600535164', 'no selection ----- in the middle of a block']"
464,1498490444.8196795,"26/06/2017 23:20:44",216,7,0.16666666666666669,41250000.0,"[0.07574117709807619, 0.04050237893537416, 1.0]","[0.11203217528920842, 0.08571650199340163, 0.80225132271739]",-1,3,0,4209336,4209336.0,2.2443932599680747,0,15.003916025161743,0,"[4858127.974711421, 2485155.9916233458, 284306035.36318356]","[3, 2, 64]","[1416773.137301998]","['; gamma used= 0.16641025600535164', 'no selection ----- in the middle of a block']"
465,1498490459.8235955,"26/06/2017 23:20:59",216,7,0.16666666666666669,41250000.0,"[0.07531366150400139, 0.040273766187917406, 1.0]","[0.1117459936629024, 0.08556346718305033, 0.8026905391540472]",-1,3,0,3360808,3360808.0,1.7915459606757183,0,15.007409572601318,0,"[4858127.974711421, 2485155.9916233458, 287666843.36318356]","[3, 2, 65]","[1416773.137301998]","['; gamma used= 0.16641025600535164', 'no selection ----- in the middle of a block']"
466,1498490474.831005,"26/06/2017 23:21:14",216,7,0.16666666666666669,41250000.0,"[0.07497405863946378, 0.040092164522429294, 1.0]","[0.11151842134362039, 0.0854417735328602, 0.8030398051235194]",-1,3,0,3023424,3023424.0,1.611591183800389,0,15.008391857147217,0,"[4858127.974711421, 2485155.9916233458, 290690267.36318356]","[3, 2, 66]","[1416773.137301998]","['; gamma used= 0.16641025600535164', 'no selection ----- in the middle of a block']"
467,1498490489.839397,"26/06/2017 23:21:29",216,7,0.16666666666666669,41250000.0,"[0.07466985640115127, 0.039929493241084295, 1.0]","[0.11131439073645444, 0.08533266874623734, 0.8033529405173083]",-1,3,0,2516624,2516624.0,1.341629054419062,0,15.006377458572388,0,"[4858127.974711421, 2485155.9916233458, 293206891.36318356]","[3, 2, 67]","[1416773.137301998]","['; gamma used= 0.16641025600535164', 'no selection ----- in the middle of a block']"
468,1498490504.8457744,"26/06/2017 23:21:44",216,7,0.16666666666666669,41250000.0,"[0.07441758740820098, 0.039794593114923234, 1.0]","[0.11114506243613642, 0.0852421209194577, 0.8036128166444059]",-1,3,0,2696176,2696176.0,1.4373198517816645,0,15.006686210632324,0,"[4858127.974711421, 2485155.9916233458, 295903067.36318356]","[3, 2, 68]","[1416773.137301998]","['; gamma used= 0.16641025600535164', 'no selection ----- in the middle of a block']"
469,1498490519.8524606,"26/06/2017 23:21:59",217,7,0.16641025600535164,41250000.0,"[0.07414826552110865, 0.03965057400214289, 1.0]","[0.11096415794507333, 0.0851453827576166, 0.8038904592973102]",0,3,0,3977656,3977656.0,2.120369333512959,0,15.007408142089844,0,"[4858127.974711421, 2485155.9916233458, 299880723.36318356]","[3, 2, 69]","[7217246.615007375, 6463872.0, 4209336.0, 3360808.0, 3023424.0, 2516624.0, 2696176.0]","['; gamma used= 0.16641025600535164', 'no need to flip coin ----- will not select greedily...; 0 not in numBlockNetworkSelected: True, diff between prob: False, blockLengthPerNetwork[highestProbabilityIndex] <= blockLengthForGreedy:False', 'choosing randomly']"
470,1498490534.8598688,"26/06/2017 23:22:14",217,7,0.16641025600535164,41250000.0,"[0.07365729116431818, 0.03938802686189276, 1.0]","[0.11056594066818216, 0.08489291552438867, 0.8045411438074292]",0,3,0,3575112,3575112.0,1.9059001154078823,0,15.006503105163574,0,"[4858127.974711421, 2485155.9916233458, 303455835.36318356]","[3, 2, 70]","[7217246.615007375, 6463872.0, 4209336.0, 3360808.0, 3023424.0, 2516624.0, 2696176.0]","['; gamma used= 0.1661554160108974', 'no selection ----- in the middle of a block']"
471,1498490549.8663719,"26/06/2017 23:22:29",217,7,0.16641025600535164,41250000.0,"[0.0732187788141451, 0.039153533630403185, 1.0]","[0.1102706131444891, 0.08473498997143386, 0.804994396884077]",0,3,0,3738736,3738736.0,1.9934388087801895,0,15.004166603088379,0,"[4858127.974711421, 2485155.9916233458, 307194571.36318356]","[3, 2, 71]","[7217246.615007375, 6463872.0, 4209336.0, 3360808.0, 3023424.0, 2516624.0, 2696176.0]","['; gamma used= 0.1661554160108974', 'no selection ----- in the middle of a block']"
472,1498490564.8705385,"26/06/2017 23:22:44",217,7,0.16641025600535164,41250000.0,"[0.07276298919237907, 0.03890980142709092, 1.0]","[0.10996327080134949, 0.08457063952796759, 0.8054660896706831]",0,3,0,2300872,2300872.0,1.2266397092342658,0,15.006016731262207,0,"[4858127.974711421, 2485155.9916233458, 309495443.36318356]","[3, 2, 72]","[7217246.615007375, 6463872.0, 4209336.0, 3360808.0, 3023424.0, 2516624.0, 2696176.0]","['; gamma used= 0.1661554160108974', 'no selection ----- in the middle of a block']"
473,1498490579.8765552,"26/06/2017 23:22:59",217,7,0.16641025600535164,41250000.0,"[0.07248390117386552, 0.03876055990332213, 1.0]","[0.10977488866432039, 0.08446990271622346, 0.8057552086194563]",0,3,0,4383096,4383096.0,2.3366706939562407,0,15.006294250488281,0,"[4858127.974711421, 2485155.9916233458, 313878539.36318356]","[3, 2, 73]","[7217246.615007375, 6463872.0, 4209336.0, 3360808.0, 3023424.0, 2516624.0, 2696176.0]","['; gamma used= 0.1661554160108974', 'no selection ----- in the middle of a block']"
474,1498490594.8828495,"26/06/2017 23:23:14",217,7,0.16641025600535164,41250000.0,"[0.07195520488785423, 0.03847784106875706, 1.0]","[0.10941762455860891, 0.08427885675227181, 0.8063035186891193]",0,3,0,4025440,4025440.0,2.146335295913223,0,15.003955841064453,0,"[4858127.974711421, 2485155.9916233458, 317903979.36318356]","[3, 2, 74]","[7217246.615007375, 6463872.0, 4209336.0, 3360808.0, 3023424.0, 2516624.0, 2696176.0]","['; gamma used= 0.1661554160108974', 'no selection ----- in the middle of a block']"
475,1498490609.8868053,"26/06/2017 23:23:29",217,7,0.16641025600535164,41250000.0,"[0.07147304746968886, 0.038220008761348526, 1.0]","[0.10909135337458215, 0.08410438416500221, 0.8068042624604157]",0,3,0,3337640,3337640.0,1.7792640021301735,0,15.006834268569946,0,"[4858127.974711421, 2485155.9916233458, 321241619.36318356]","[3, 2, 75]","[7217246.615007375, 6463872.0, 4209336.0, 3360808.0, 3023424.0, 2516624.0, 2696176.0]","['; gamma used= 0.1661554160108974', 'no selection ----- in the middle of a block']"
476,1498490624.8936396,"26/06/2017 23:23:44",218,1,0.1661554160108974,41250000.0,"[0.07107572395367605, 0.03800754114172535, 1.0]","[0.10882216124297256, 0.08396043443859706, 0.8072174043184305]",2,1,4.398451089859009,974504,1378932.0274775887,0.7355826298217222,0.009959936141967773,14.996896028518677,0,"[1378932.0274775887, 0, 0]","[1, 0, 0]","[3977656.0, 3575112.0, 3738736.0, 2300872.0, 4383096.0, 4025440.0, 3337640.0]","['; gamma used= 0.1661554160108974', 'ALGORITHM RESET DUE TO NETWORK QUALITY DROP', 'exploring after a reset', 'prob current block:0.3333333333333333']"
477,1498490639.9004955,"26/06/2017 23:23:59",219,1,0.165902129923074,41250000.0,"[0.07147099680793197, 0.03800754114172535, 1.0]","[0.10903208392228363, 0.08387450210174814, 0.8070934139759683]",2,2,3.2793092727661133,1775248,2272001.310270396,1.2118486399457706,0.009526968002319336,14.998581409454346,1448,"[1378932.0274775887, 2272001.310270396, 0]","[1, 1, 0]","[1378932.0274775887]","['; gamma used= 0.165902129923074', 'exploring after a reset', 'prob current block:0.5']"
478,1498490654.908604,"26/06/2017 23:24:14",220,1,0.16565038123598103,41250000.0,"[0.07147099680793197, 0.03823942849218713, 1.0]","[0.10895315377209266, 0.08396758481371012, 0.8070792614141971]",2,3,4.7876060009002686,1776696,2609714.396782247,1.3919581463062831,0.00808095932006836,14.998809576034546,0,"[1378932.0274775887, 2272001.310270396, 2609714.396782247]","[1, 1, 1]","[2272001.310270396]","['; gamma used= 0.16565038123598103', 'exploring after a reset', 'prob current block:1.0']"
479,1498490669.9154944,"26/06/2017 23:24:29",221,2,0.1654001536930531,41250000.0,"[0.07122213610709216, 0.038106279503096446, 1.0]","[0.10871714119780514, 0.08380252759637215, 0.8074803312058226]",0,2,3.950460195541382,1898328,2577159.322863409,1.3746880905258787,0.00640106201171875,14.997783660888672,0,"[1378932.0274775887, 4849160.633133804, 2609714.396782247]","[1, 2, 1]","[2609714.396782247]","['; gamma used= 0.1654001536930531', 'current gain: 2609714.396782247, prev block gain: [2272001.310270396]', 'flipped coin but will not select greedily...', 'choosing randomly']"
480,1498490684.9196792,"26/06/2017 23:24:44",222,2,0.1654001536930531,41250000.0,"[0.07122213610709216, 0.03970274788357302, 1.0]","[0.10857317628542407, 0.08488668179378822, 0.8065401419207878]",-1,3,4.193996429443359,4323728,6002026.768290739,3.201335616804019,0.009270668029785156,14.998806715011597,0,"[1378932.0274775887, 4849160.633133804, 8611741.165072985]","[1, 2, 2]","[2577159.322863409]","['; gamma used= 0.1651514312821858', 'current gain: 2577159.322863409, prev block gain: [2609714.396782247]', ' ----- switch back']"
481,1498490699.9277565,"26/06/2017 23:24:59",222,2,0.1651514312821858,41250000.0,"[0.07065476942412777, 0.03938646958018987, 1.0]","[0.10812239877004842, 0.08459892503717213, 0.8072786761927795]",-1,3,0,5706984,5706984.0,3.0419077653465036,0,15.008960008621216,0,"[1378932.0274775887, 4849160.633133804, 14318725.165072985]","[1, 2, 3]","[2577159.322863409]","['; gamma used= 0.16490419823097785', 'no selection ----- in the middle of a block']"
